#Time,Accel_X,Accel_Y,Accel_Z,Gyro_X,Gyro_Y,Gyro_Z,Volt,Temp,RotMat[9]
26628550,2771,2422,2392,2548,2203,2405,2444,1787,0.00498846,0,0.999988,0.0473153,0.99888,-0.000236033,-0.998868,0.0473159,0.00498288,
26628736,2763,2420,2399,2549,2204,2403,2443,1788,0.00510917,-7.91247e-05,0.999987,0.047498,0.998871,-0.000163642,-0.998858,0.0474982,0.00510716,
26628870,2772,2419,2392,2551,2200,2403,2443,1787,0.00516351,-0.000100201,0.999987,0.0476164,0.998866,-0.000145783,-0.998852,0.0476165,0.00516242,
26629030,2769,2415,2394,2551,2201,2400,2444,1788,0.00519065,-9.57198e-05,0.999987,0.0477267,0.99886,-0.000152124,-0.998847,0.0477269,0.0051893,
26629190,2767,2427,2397,2551,2201,2399,2444,1788,0.00523611,-8.95171e-05,0.999986,0.0477764,0.998858,-0.00016075,-0.998844,0.0477766,0.0052344,
26629350,2768,2419,2391,2549,2201,2400,2443,1788,0.00528165,-0.000110809,0.999986,0.0478243,0.998856,-0.000141911,-0.998842,0.0478244,0.0052809,
26629536,2767,2417,2387,2545,2199,2402,2443,1788,0.00529896,-0.000232615,0.999986,0.0479316,0.998851,-2.16401e-05,-0.998837,0.047931,0.00530402,
26629670,2768,2423,2387,2544,2201,2401,2443,1787,0.00531063,-0.000378341,0.999986,0.0480171,0.998847,0.000122906,-0.998832,0.0480158,0.00532267,
26629830,2773,2419,2389,2542,2201,2402,2443,1787,0.00535208,-0.000594045,0.999986,0.0481099,0.998842,0.000335874,-0.998828,0.0481074,0.00537446,
26629990,2765,2423,2384,2544,2201,2400,2443,1787,0.00539467,-0.000809261,0.999985,0.0481883,0.998838,0.000548369,-0.998824,0.0481846,0.0054274,
26630150,2766,2412,2388,2545,2200,2400,2443,1787,0.00542575,-0.000982028,0.999985,0.0482442,0.998835,0.000719135,-0.998821,0.0482395,0.0054668,
26630336,2775,2417,2385,2546,2201,2400,2444,1789,0.00546176,-0.00115091,0.999984,0.0483111,0.998832,0.000885718,-0.998817,0.0483056,0.00551099,
26630470,2768,2413,2379,2547,2203,2400,2443,1788,0.00552209,-0.00125014,0.999984,0.0483524,0.99883,0.000981683,-0.998815,0.0483462,0.00557608,
26630630,2764,2426,2387,2547,2203,2401,2444,1787,0.00562034,-0.00135583,0.999983,0.0484102,0.998827,0.00108217,-0.998812,0.0484033,0.00567938,
26630790,2767,2414,2386,2549,2201,2400,2444,1788,0.00569106,-0.00143357,0.999983,0.0484765,0.998824,0.00115602,-0.998808,0.0484691,0.00575386,
26630950,2767,2430,2382,2549,2202,2400,2443,1788,0.00574916,-0.0014831,0.999982,0.0485337,0.998821,0.00120234,-0.998805,0.0485259,0.00581436,
26631136,2767,2413,2391,2548,2202,2399,2444,1787,0.00583405,-0.00155635,0.999982,0.0485785,0.998819,0.00127113,-0.998802,0.0485702,0.00590277,
26631270,2775,2415,2387,2548,2203,2400,2443,1788,0.00590673,-0.00162083,0.999981,0.0486072,0.998817,0.00133183,-0.998801,0.0485985,0.00597853,
26631430,2765,2427,2389,2548,2205,2400,2444,1788,0.00603348,-0.00169901,0.99998,0.0486458,0.998815,0.00140352,-0.998798,0.0486364,0.00610898,
26631590,2772,2429,2393,2548,2207,2398,2444,1787,0.00621743,-0.00177709,0.999979,0.0486423,0.998815,0.00147259,-0.998797,0.0486322,0.00629651,
26631750,2768,2414,2386,2549,2206,2398,2444,1787,0.00641742,-0.00184065,0.999978,0.0486078,0.998817,0.00152657,-0.998797,0.0485969,0.0064993,
26631936,2776,2424,2387,2548,2207,2396,2444,1787,0.00665265,-0.00191333,0.999976,0.0485343,0.99882,0.00158823,-0.998799,0.0485225,0.00673766,
26632070,2777,2411,2393,2548,2205,2395,2443,1788,0.00681363,-0.00197573,0.999975,0.0484474,0.998824,0.00164334,-0.998802,0.048435,0.00690134,
26632230,2771,2411,2391,2549,2204,2396,2443,1788,0.00696467,-0.00203579,0.999974,0.0483547,0.998829,0.00169668,-0.998806,0.0483416,0.00705495,
26632390,2771,2408,2391,2549,2204,2395,2443,1788,0.00710195,-0.00208187,0.999973,0.0482663,0.998833,0.00173671,-0.998809,0.0482526,0.00719415,
26632550,2771,2419,2386,2551,2205,2396,2444,1788,0.00725286,-0.00210068,0.999971,0.0481762,0.998837,0.00174887,-0.998813,0.0481621,0.00734563,
26632736,2757,2411,2389,2550,2205,2396,2444,1788,0.00744282,-0.00210741,0.99997,0.0480853,0.998842,0.00174713,-0.998816,0.0480709,0.00753554,
26632870,2767,2405,2395,2549,2203,2398,2444,1788,0.00755479,-0.00213577,0.999969,0.0480479,0.998843,0.00177037,-0.998816,0.0480331,0.00764867,
26633030,2765,2411,2395,2550,2202,2398,2444,1787,0.00764497,-0.00217002,0.999968,0.048042,0.998844,0.00180029,-0.998816,0.0480267,0.00774039,
26633190,2768,2411,2395,2550,2203,2397,2444,1787,0.0077363,-0.00218999,0.999968,0.0480226,0.998845,0.001816,-0.998816,0.048007,0.00783253,
26633350,2764,2409,2396,2551,2204,2397,2444,1787,0.00785619,-0.00219614,0.999967,0.0479832,0.998846,0.0018167,-0.998817,0.0479673,0.00795251,
26633535,2770,2417,2393,2550,2202,2395,2444,1788,0.0079817,-0.00220176,0.999966,0.0479083,0.99885,0.0018169,-0.99882,0.0478921,0.00807801,
26633670,2766,2411,2395,2550,2203,2396,2443,1787,0.00806275,-0.00221682,0.999965,0.0478436,0.998853,0.00182859,-0.998822,0.0478272,0.00815957,
26633830,2773,2413,2385,2549,2201,2398,2444,1787,0.00814159,-0.00224978,0.999964,0.0478124,0.998855,0.001858,-0.998823,0.0477956,0.00823983,
26633990,2770,2412,2393,2548,2200,2398,2443,1787,0.00817699,-0.00231062,0.999964,0.0478181,0.998854,0.00191704,-0.998823,0.0478007,0.00827811,
26634150,2767,2412,2385,2549,2201,2399,2444,1788,0.0082112,-0.002372,0.999963,0.0478381,0.998853,0.00197654,-0.998821,0.0478201,0.00831526,
26634336,2771,2414,2392,2547,2200,2398,2444,1788,0.00825103,-0.00245933,0.999963,0.0478604,0.998852,0.00206168,-0.99882,0.0478416,0.00835926,
26634470,2771,2417,2388,2549,2203,2397,2444,1787,0.00830468,-0.00252172,0.999962,0.0478468,0.998852,0.00212155,-0.99882,0.0478274,0.00841581,
26634630,2771,2414,2390,2549,2203,2398,2443,1788,0.00840982,-0.00256938,0.999961,0.0478224,0.998854,0.00216435,-0.99882,0.0478023,0.00852305,
26634790,2770,2414,2392,2548,2202,2398,2444,1788,0.00850009,-0.00263111,0.99996,0.0478147,0.998854,0.00222175,-0.99882,0.0477939,0.00861615,
26634950,2768,2411,2387,2547,2202,2397,2443,1788,0.00857792,-0.00271956,0.99996,0.0477943,0.998855,0.00230656,-0.99882,0.0477726,0.00869807,
26635136,2769,2412,2387,2547,2200,2396,2443,1788,0.00863932,-0.0028366,0.999959,0.047744,0.998857,0.00242098,-0.998822,0.0477211,0.00876488,
26635270,2767,2414,2389,2549,2202,2395,2443,1787,0.00868549,-0.002897,0.999958,0.0476853,0.998859,0.00247963,-0.998825,0.0476618,0.00881373,
26635430,2770,2415,2387,2548,2204,2396,2443,1787,0.00879546,-0.00295624,0.999957,0.0476028,0.998863,0.0025343,-0.998828,0.0475784,0.00892618,
26635590,2773,2407,2384,2550,2203,2398,2443,1787,0.00891551,-0.00300357,0.999956,0.0475607,0.998865,0.00257625,-0.998829,0.0475356,0.00904825,
26635750,2764,2414,2395,2549,2203,2399,2444,1788,0.00901822,-0.00303857,0.999955,0.0475658,0.998865,0.00260627,-0.998827,0.0475402,0.00915252,
26635936,2764,2414,2393,2549,2204,2398,2444,1788,0.00915362,-0.00309548,0.999953,0.0475669,0.998865,0.00265668,-0.998826,0.0475403,0.00929047,
26636070,2774,2407,2389,2551,2203,2398,2444,1787,0.0092521,-0.003113,0.999952,0.0475571,0.998865,0.00266959,-0.998826,0.0475301,0.00938964,
26636230,2766,2409,2399,2550,2203,2399,2443,1788,0.00935472,-0.00312052,0.999951,0.047564,0.998865,0.00267215,-0.998824,0.0475367,0.00949252,
26636390,2771,2411,2394,2552,2204,2399,2444,1787,0.00946982,-0.00311505,0.99995,0.0475828,0.998864,0.00266105,-0.998822,0.0475552,0.00960728,
26636550,2771,2413,2392,2550,2204,2399,2444,1789,0.00959864,-0.00310981,0.999949,0.0475982,0.998863,0.00264953,-0.99882,0.0475703,0.00973575,
26636736,2782,2416,2391,2550,2203,2400,2444,1788,0.00973115,-0.00313606,0.999948,0.0476346,0.998861,0.00266909,-0.998817,0.0476061,0.00986945,
26636870,2768,2413,2401,2548,2202,2400,2444,1787,0.00980271,-0.0031781,0.999947,0.0476769,0.998859,0.00270725,-0.998815,0.0476479,0.00994304,
26637030,2771,2421,2388,2549,2201,2399,2443,1788,0.00986194,-0.00324105,0.999946,0.0477189,0.998857,0.00276689,-0.998812,0.0476891,0.0100053,
26637190,2770,2423,2398,2549,2201,2398,2444,1787,0.00990982,-0.00328893,0.999945,0.0477365,0.998856,0.00281226,-0.998811,0.0477061,0.0100555,
26637350,2775,2416,2393,2549,2201,2397,2444,1787,0.00996009,-0.0033357,0.999945,0.0477255,0.998856,0.00285669,-0.998811,0.0476944,0.0101079,
26637536,2770,2417,2397,2549,2201,2397,2443,1788,0.0100199,-0.00338942,0.999944,0.0476961,0.998858,0.0029078,-0.998812,0.0476643,0.0101701,
26637670,2771,2417,2398,2551,2201,2398,2443,1787,0.010062,-0.00340557,0.999944,0.0476883,0.998858,0.00292201,-0.998812,0.0476562,0.0102129,
26637830,2772,2410,2396,2550,2200,2397,2444,1787,0.0100984,-0.0034109,0.999943,0.0476833,0.998858,0.00292565,-0.998811,0.047651,0.0102495,
26637990,2768,2417,2392,2552,2198,2396,2444,1788,0.010096,-0.00340073,0.999943,0.0476605,0.998859,0.00291584,-0.998813,0.0476284,0.0102466,
26638150,2763,2403,2389,2551,2197,2397,2444,1788,0.0100524,-0.00337618,0.999944,0.0476487,0.99886,0.00289351,-0.998814,0.0476169,0.0102018,
26638333,2769,2418,2391,2549,2197,2398,2443,1787,0.00998428,-0.00339628,0.999944,0.0476686,0.998859,0.00291663,-0.998813,0.0476368,0.0101348,
26638470,2768,2413,2390,2550,2199,2398,2444,1788,0.00995577,-0.00342393,0.999945,0.0476893,0.998858,0.0029454,-0.998813,0.0476574,0.0101077,
26638630,2773,2406,2387,2548,2200,2399,2444,1787,0.00996248,-0.00347117,0.999944,0.047717,0.998856,0.00299199,-0.998811,0.0476845,0.0101167,
26638790,2767,2412,2385,2548,2199,2399,2443,1787,0.00996807,-0.00354645,0.999944,0.0477571,0.998854,0.00306652,-0.998809,0.0477239,0.010126,
26638950,2762,2412,2387,2548,2200,2398,2443,1788,0.00997486,-0.00362118,0.999944,0.047783,0.998853,0.00314057,-0.998808,0.047749,0.0101364,
26639136,2778,2410,2391,2550,2200,2399,2444,1788,0.0099986,-0.00367635,0.999943,0.0478112,0.998851,0.00319426,-0.998806,0.0477766,0.0101629,
26639270,2766,2406,2384,2549,2201,2400,2444,1787,0.0100251,-0.0037057,0.999943,0.0478535,0.998849,0.00322188,-0.998804,0.0478185,0.0101909,
26639430,2773,2411,2395,2549,2203,2400,2443,1788,0.0100968,-0.00375569,0.999942,0.0479074,0.998846,0.00326783,-0.998801,0.0478716,0.0102651,
26639590,2764,2410,2397,2549,2201,2401,2443,1787,0.0101673,-0.00380624,0.999941,0.0479756,0.998843,0.00331425,-0.998797,0.0479391,0.0103382,
26639750,2772,2411,2385,2550,2202,2400,2443,1787,0.010224,-0.00384285,0.99994,0.0480481,0.998839,0.00334734,-0.998793,0.048011,0.0103968,
26639936,2771,2419,2387,2549,2201,2400,2444,1788,0.0102913,-0.00388475,0.999939,0.0481157,0.998836,0.00338526,-0.998789,0.0480779,0.0104663,
26640070,2766,2420,2391,2548,2200,2400,2443,1787,0.0103169,-0.0039376,0.999939,0.0481685,0.998833,0.00343627,-0.998786,0.0481301,0.0104946,
26640230,2763,2422,2392,2544,2199,2400,2444,1787,0.0103203,-0.00406898,0.999938,0.0482337,0.99883,0.00356666,-0.998783,0.0481939,0.0105045,
26640390,2769,2421,2392,2544,2202,2402,2443,1788,0.0103488,-0.00425688,0.999937,0.0483174,0.998825,0.00375209,-0.998778,0.0482755,0.0105423,
26640550,2770,2422,2391,2544,2202,2400,2443,1788,0.0104184,-0.00444543,0.999936,0.0483911,0.998821,0.00393628,-0.998774,0.048347,0.0106213,
26640735,2778,2418,2389,2546,2202,2399,2444,1788,0.0105031,-0.0046297,0.999934,0.0484288,0.998818,0.00411585,-0.998771,0.0483823,0.0107149,
26640870,2768,2416,2396,2547,2201,2398,2444,1788,0.0105552,-0.00472826,0.999933,0.0484371,0.998817,0.00421169,-0.99877,0.0483894,0.0107718,
26641030,2769,2419,2389,2549,2200,2396,2443,1787,0.0105931,-0.00480173,0.999932,0.0484134,0.998818,0.00428349,-0.998771,0.0483648,0.0108131,
26641190,2769,2420,2396,2548,2200,2397,2444,1787,0.0106184,-0.00486067,0.999932,0.0483796,0.99882,0.00434152,-0.998773,0.0483302,0.0108411,
26641350,2775,2414,2390,2547,2201,2398,2444,1787,0.0106551,-0.00494844,0.999931,0.0483693,0.99882,0.00442753,-0.998773,0.0483188,0.0108819,
26641535,2774,2420,2395,2546,2200,2397,2444,1788,0.0106977,-0.0050817,0.99993,0.0483553,0.99882,0.00455874,-0.998773,0.0483032,0.0109308,
26641670,2773,2424,2392,2547,2202,2397,2443,1788,0.0107413,-0.00517865,0.999929,0.0483303,0.998821,0.00465374,-0.998774,0.0482769,0.010979,
26641830,2773,2418,2390,2547,2200,2396,2443,1788,0.0107943,-0.00527923,0.999928,0.0482872,0.998822,0.00475213,-0.998775,0.0482324,0.0110365,
26641990,2770,2409,2391,2548,2199,2397,2443,1787,0.010806,-0.00536544,0.999927,0.0482549,0.998823,0.00483804,-0.998777,0.0481991,0.0110522,
26642150,2766,2403,2391,2549,2199,2396,2443,1788,0.0108039,-0.00542395,0.999927,0.0482277,0.998824,0.00489689,-0.998778,0.0481713,0.0110527,
26642336,2773,2412,2389,2551,2199,2396,2443,1788,0.0108027,-0.0054434,0.999927,0.0481825,0.998826,0.00491687,-0.99878,0.0481259,0.0110523,
26642470,2767,2414,2383,2553,2201,2396,2444,1788,0.0108247,-0.00541173,0.999927,0.0481474,0.998828,0.00488456,-0.998782,0.048091,0.0110726,
26642630,2774,2411,2392,2553,2200,2396,2443,1787,0.0108646,-0.00534664,0.999927,0.0481039,0.998831,0.00481812,-0.998783,0.0480481,0.0111091,
26642790,2767,2416,2389,2552,2200,2395,2443,1787,0.010892,-0.00529452,0.999927,0.0480486,0.998834,0.00476534,-0.998786,0.0479932,0.0111337,
26642950,2772,2419,2391,2551,2200,2398,2443,1787,0.0109171,-0.00527101,0.999927,0.0480201,0.998835,0.00474098,-0.998787,0.0479648,0.0111575,
26643136,2770,2411,2391,2550,2199,2397,2444,1788,0.0109275,-0.00527671,0.999926,0.048022,0.998835,0.00474615,-0.998787,0.0479666,0.0111682,
26643270,2761,2408,2387,2551,2199,2397,2443,1787,0.0109246,-0.00528016,0.999926,0.0480142,0.998835,0.00474983,-0.998787,0.0479588,0.0111654,
26643430,2771,2403,2382,2552,2199,2397,2444,1787,0.010921,-0.0052568,0.999927,0.0480066,0.998836,0.00472675,-0.998787,0.0479515,0.0111606,
26643590,2770,2407,2386,2551,2201,2398,2444,1787,0.0109436,-0.00523444,0.999926,0.0480068,0.998836,0.00470332,-0.998787,0.0479518,0.0111821,
26643750,2768,2415,2390,2549,2201,2398,2443,1788,0.0109925,-0.00525429,0.999926,0.0480119,0.998836,0.00472075,-0.998786,0.0479565,0.011232,
26643936,2767,2405,2399,2548,2201,2398,2444,1788,0.0110496,-0.00532528,0.999925,0.0480148,0.998835,0.00478889,-0.998786,0.0479583,0.0112925,
26644070,2770,2413,2390,2549,2200,2399,2444,1788,0.0110782,-0.00537673,0.999924,0.0480317,0.998834,0.00483872,-0.998784,0.0479744,0.0113236,
26644230,2771,2409,2382,2552,2200,2399,2444,1787,0.0110973,-0.00538356,0.999924,0.048073,0.998832,0.00484417,-0.998782,0.0480156,0.0113431,
26644390,2772,2417,2386,2553,2200,2397,2444,1788,0.0111185,-0.00533429,0.999924,0.0480892,0.998832,0.00479374,-0.998781,0.0480323,0.0113621,
26644550,2768,2413,2389,2553,2201,2397,2443,1788,0.011156,-0.00527034,0.999924,0.0480744,0.998833,0.00472823,-0.998781,0.048018,0.0113963,
26644747,2774,2421,2385,2553,2201,2398,2443,1788,0.0112175,-0.00519257,0.999924,0.0480697,0.998833,0.00464765,-0.998781,0.0480138,0.011454,
26644870,2771,2414,2392,2551,2200,2399,2444,1787,0.0112435,-0.00516586,0.999923,0.0480899,0.998832,0.00461948,-0.99878,0.0480343,0.0114788,
26645030,2765,2416,2385,2551,2200,2400,2444,1787,0.0112612,-0.00515954,0.999923,0.0481464,0.99883,0.00461167,-0.998777,0.0480908,0.0114965,
26645190,2770,2411,2388,2551,2200,2397,2444,1788,0.0112814,-0.00515206,0.999923,0.0481743,0.998828,0.00460291,-0.998775,0.0481186,0.0115164,
26645350,2763,2410,2389,2555,2201,2396,2443,1787,0.0113201,-0.00508754,0.999923,0.0481451,0.99883,0.00453693,-0.998776,0.04809,0.0115518,
26645536,2767,2411,2381,2554,2200,2398,2444,1788,0.0113634,-0.00496527,0.999923,0.0481309,0.998831,0.00441288,-0.998776,0.0480771,0.0115891,
26645670,2777,2412,2389,2554,2203,2399,2444,1787,0.0114146,-0.0048905,0.999923,0.0481504,0.998831,0.0043355,-0.998775,0.0480972,0.0116368,
26645830,2768,2406,2389,2553,2201,2400,2443,1787,0.0114871,-0.00481633,0.999922,0.0481981,0.998829,0.00425736,-0.998772,0.0481454,0.0117058,
26645990,2773,2415,2389,2553,2201,2402,2444,1788,0.0115285,-0.00475722,0.999922,0.0482944,0.998824,0.00419519,-0.998767,0.0482423,0.0117447,
26646150,2773,2409,2390,2555,2201,2400,2443,1787,0.0115698,-0.00467063,0.999922,0.0483925,0.99882,0.00410555,-0.998761,0.0483413,0.0117821,
26646336,2774,2406,2383,2557,2200,2397,2444,1788,0.0116087,-0.00450248,0.999922,0.0484314,0.998819,0.00393524,-0.998759,0.0483819,0.0118131,
26646470,2773,2406,2393,2559,2202,2397,2443,1787,0.0116512,-0.00433402,0.999923,0.0484236,0.99882,0.003765,-0.998759,0.048376,0.0118473,
26646630,2774,2413,2391,2558,2201,2397,2444,1788,0.0117155,-0.00411934,0.999923,0.0484118,0.998821,0.00354759,-0.998759,0.0483665,0.0119012,
26646790,2767,2411,2392,2555,2201,2399,2444,1787,0.011764,-0.00396058,0.999923,0.0484284,0.998821,0.00338646,-0.998757,0.0483849,0.0119419,
26646950,2770,2412,2393,2552,2200,2401,2444,1788,0.0117941,-0.00388638,0.999923,0.0485003,0.998818,0.00331003,-0.998754,0.0484575,0.0119686,
26647136,2763,2411,2390,2550,2199,2401,2444,1788,0.0117946,-0.00388086,0.999923,0.0486198,0.998812,0.00330305,-0.998748,0.0485771,0.0119693,
26647270,2770,2410,2386,2551,2198,2402,2444,1787,0.0117711,-0.00388853,0.999923,0.0487227,0.998807,0.00331062,-0.998743,0.0486799,0.0119465,
26647430,2768,2409,2383,2551,2200,2401,2443,1787,0.0117566,-0.00388415,0.999923,0.0488431,0.998801,0.00330551,-0.998737,0.0488004,0.0119323,
26647590,2770,2405,2386,2552,2202,2401,2443,1788,0.0117982,-0.00386628,0.999923,0.0489367,0.998796,0.00328451,-0.998732,0.0488942,0.0119732,
26647750,2772,2415,2384,2550,2201,2403,2444,1788,0.0118512,-0.00386354,0.999922,0.0490548,0.998791,0.00327776,-0.998726,0.0490121,0.0120264,
26647935,2773,2411,2393,2551,2201,2403,2444,1787,0.0118938,-0.00387737,0.999922,0.0492272,0.998782,0.0032874,-0.998717,0.0491842,0.0120702,
26648070,2774,2417,2391,2553,2201,2401,2444,1787,0.0119268,-0.0038517,0.999921,0.0493311,0.998777,0.00325888,-0.998711,0.0492884,0.0121023,
26648230,2775,2404,2387,2553,2200,2402,2444,1788,0.0119534,-0.00379301,0.999921,0.0494451,0.998772,0.00319756,-0.998705,0.0494029,0.0121263,
26648390,2773,2419,2387,2555,2201,2399,2443,1787,0.0119823,-0.00370567,0.999921,0.0495321,0.998768,0.00310784,-0.998701,0.049491,0.0121511,
26648550,2770,2416,2389,2554,2201,2400,2444,1788,0.0120273,-0.00360363,0.999921,0.0495882,0.998765,0.00300301,-0.998697,0.0495481,0.0121911,
26648736,2771,2417,2387,2552,2201,2401,2444,1788,0.0120769,-0.00353429,0.999921,0.0496834,0.998761,0.00293012,-0.998692,0.0496441,0.0122375,
26648870,2762,2409,2397,2551,2201,2402,2444,1788,0.0121108,-0.00351985,0.99992,0.0497738,0.998756,0.0029129,-0.998687,0.0497346,0.0122709,
26649030,2764,2409,2391,2551,2203,2402,2443,1788,0.0121775,-0.00351735,0.99992,0.0498885,0.998751,0.00290567,-0.998681,0.0498492,0.0123377,
26649190,2762,2410,2387,2551,2201,2403,2444,1788,0.012243,-0.00351544,0.999919,0.0500176,0.998744,0.0028989,-0.998673,0.049978,0.0124034,
26649350,2768,2415,2395,2550,2203,2403,2443,1787,0.0123073,-0.00352788,0.999918,0.05016,0.998737,0.00290633,-0.998665,0.0501201,0.0124688,
26649536,2773,2417,2391,2549,2200,2403,2444,1788,0.0123663,-0.00357405,0.999917,0.0503274,0.998728,0.00294739,-0.998656,0.0502868,0.0125304,
26649670,2764,2416,2397,2548,2202,2401,2444,1788,0.0123994,-0.00362916,0.999917,0.0504253,0.998723,0.00299954,-0.998651,0.0503839,0.0125665,
26649830,2764,2411,2399,2549,2203,2402,2444,1788,0.0124812,-0.00369501,0.999915,0.0505179,0.998718,0.00306001,-0.998645,0.0504755,0.0126519,
26649990,2764,2408,2397,2550,2200,2400,2443,1788,0.0125367,-0.00373237,0.999914,0.0506047,0.998714,0.00309342,-0.99864,0.0505616,0.0127095,
26650150,2770,2401,2394,2550,2201,2400,2444,1787,0.0125671,-0.0037544,0.999914,0.0506704,0.998711,0.00311304,-0.998636,0.0506269,0.0127412,
26650336,2770,2411,2394,2553,2200,2399,2443,1788,0.0126038,-0.00373141,0.999914,0.0507332,0.998707,0.00308742,-0.998633,0.0506899,0.0127768,
26650470,2775,2409,2389,2551,2200,2401,2443,1787,0.0126176,-0.00370366,0.999914,0.0507939,0.998704,0.00305823,-0.998629,0.0507509,0.0127894,
26650630,2780,2408,2387,2551,2200,2401,2444,1787,0.0126319,-0.0036992,0.999913,0.0508933,0.998699,0.00305178,-0.998624,0.0508504,0.0128037,
26650790,2779,2403,2401,2554,2198,2401,2444,1787,0.0126185,-0.00365311,0.999914,0.0510021,0.998694,0.00300503,-0.998619,0.0509597,0.0127883,
26650950,2774,2404,2391,2555,2198,2400,2443,1787,0.0125788,-0.00355106,0.999915,0.0511067,0.998689,0.00290379,-0.998614,0.0510658,0.0127438,
26651135,2773,2409,2384,2556,2197,2398,2443,1787,0.012521,-0.00339899,0.999916,0.051184,0.998685,0.00275388,-0.998611,0.0511452,0.0126785,
26651270,2774,2411,2383,2554,2195,2400,2444,1787,0.0124442,-0.00329908,0.999917,0.051248,0.998682,0.00265721,-0.998608,0.0512107,0.0125969,
26651430,2774,2410,2393,2550,2198,2403,2443,1788,0.0123612,-0.00326626,0.999918,0.0513869,0.998675,0.00262695,-0.998602,0.0513502,0.0125126,
26651590,2770,2412,2389,2548,2200,2403,2444,1787,0.0123434,-0.00331868,0.999918,0.0515467,0.998667,0.00267822,-0.998594,0.0515094,0.012498,
26651750,2771,2412,2393,2547,2201,2405,2444,1787,0.0123644,-0.00341412,0.999918,0.0517224,0.998658,0.00277025,-0.998585,0.0516839,0.0125244,
26651936,2766,2411,2387,2546,2201,2405,2444,1788,0.0124021,-0.00355864,0.999917,0.0519541,0.998645,0.00290972,-0.998572,0.0519137,0.0125702,
26652070,2774,2413,2389,2547,2199,2404,2444,1788,0.0124073,-0.00366192,0.999916,0.0521146,0.998637,0.00301057,-0.998564,0.0520728,0.0125812,
26652230,2775,2414,2393,2547,2198,2404,2443,1788,0.0123735,-0.00377027,0.999916,0.0523027,0.998626,0.00311819,-0.998555,0.0522598,0.0125537,
26652390,2770,2411,2387,2545,2200,2402,2444,1787,0.0123559,-0.00390513,0.999916,0.0524572,0.998618,0.00325185,-0.998547,0.0524126,0.0125436,
26652550,2764,2410,2389,2545,2201,2403,2444,1788,0.0123807,-0.00406749,0.999915,0.0525856,0.998611,0.00341108,-0.99854,0.0525389,0.0125774,
26652736,2774,2408,2391,2544,2199,2402,2444,1788,0.0123936,-0.00427197,0.999914,0.0527376,0.998602,0.0036127,-0.998531,0.0526883,0.0126015,
26652870,2781,2413,2394,2544,2200,2403,2443,1788,0.0123914,-0.00443062,0.999913,0.0528492,0.998595,0.00376984,-0.998526,0.0527979,0.0126081,
26653030,2775,2415,2393,2546,2199,2403,2445,1787,0.0123875,-0.00459316,0.999913,0.0529986,0.998587,0.00393049,-0.998518,0.0529452,0.0126134,
26653190,2772,2399,2392,2548,2198,2401,2444,1788,0.0123583,-0.00469915,0.999913,0.0531295,0.998579,0.00403623,-0.998511,0.0530749,0.0125904,
26653350,2771,2409,2391,2549,2197,2401,2444,1787,0.0123041,-0.00476232,0.999913,0.053241,0.998573,0.0041008,-0.998506,0.0531859,0.0125401,
26653536,2782,2406,2383,2549,2196,2401,2444,1787,0.012209,-0.00481929,0.999914,0.0533795,0.998566,0.00416102,-0.9985,0.0533241,0.0124487,
26653670,2773,2414,2390,2548,2199,2401,2444,1787,0.0121635,-0.00487218,0.999914,0.0534729,0.99856,0.00421511,-0.998495,0.0534171,0.0124065,
26653830,2765,2410,2386,2548,2200,2400,2444,1789,0.0121654,-0.00494931,0.999914,0.053556,0.998556,0.004291,-0.998491,0.0534992,0.0124129,
26653990,2767,2408,2385,2548,2199,2399,2443,1787,0.0121697,-0.00502527,0.999913,0.0536105,0.998552,0.00436595,-0.998488,0.0535527,0.0124215,
26654150,2766,2401,2381,2550,2200,2400,2444,1787,0.0121739,-0.00507374,0.999913,0.0536667,0.998549,0.00441343,-0.998485,0.0536083,0.0124285,
26654336,2760,2404,2381,2549,2202,2401,2443,1787,0.0122238,-0.00511622,0.999912,0.0537549,0.998544,0.00445208,-0.998479,0.0536957,0.012481,
26654470,2775,2397,2384,2549,2204,2403,2444,1788,0.0123026,-0.00516051,0.999911,0.0538425,0.998539,0.00449097,-0.998474,0.0537824,0.0125625,
26654630,2774,2396,2389,2549,2205,2406,2444,1788,0.0124318,-0.00521699,0.999909,0.0540087,0.99853,0.00453831,-0.998463,0.0539474,0.0126953,
26654790,2772,2401,2387,2549,2205,2406,2444,1788,0.012571,-0.00527548,0.999907,0.0542145,0.998519,0.00458656,-0.99845,0.0541518,0.0128384,
26654950,2768,2402,2389,2549,2203,2407,2444,1787,0.0126816,-0.00533418,0.999905,0.0544413,0.998506,0.00463625,-0.998436,0.0543774,0.012953,
26655136,2773,2400,2392,2551,2203,2406,2444,1788,0.012778,-0.00537002,0.999904,0.0547147,0.998491,0.00466322,-0.99842,0.0546499,0.0130526,
26655270,2772,2397,2392,2552,2201,2404,2444,1787,0.0128275,-0.00535949,0.999903,0.0548835,0.998482,0.00464778,-0.99841,0.0548186,0.0131022,
26655430,2772,2406,2390,2555,2200,2404,2444,1787,0.0128477,-0.00529016,0.999903,0.0550699,0.998472,0.00457499,-0.9984,0.0550058,0.0131194,
26655590,2773,2403,2389,2557,2200,2403,2444,1787,0.0128552,-0.00515133,0.999904,0.0552497,0.998463,0.00443359,-0.99839,0.0551874,0.0131201,
26655750,2772,2401,2387,2557,2200,2404,2444,1788,0.0128627,-0.00498503,0.999905,0.0554313,0.998453,0.00426473,-0.99838,0.0553712,0.0131191,
26655935,2772,2408,2384,2555,2200,2406,2443,1787,0.0128672,-0.00482659,0.999906,0.0556888,0.99844,0.00410289,-0.998365,0.0556308,0.0131159,
26656070,2772,2416,2381,2555,2199,2407,2444,1788,0.0128559,-0.00473549,0.999906,0.0559143,0.998428,0.00400959,-0.998353,0.0558575,0.0131004,
26656230,2768,2416,2384,2553,2199,2407,2444,1787,0.0128276,-0.00465539,0.999907,0.0561974,0.998412,0.00392748,-0.998337,0.0561418,0.0130689,
26656390,2770,2416,2382,2554,2201,2406,2444,1787,0.0128282,-0.00458884,0.999907,0.0564586,0.998397,0.00385758,-0.998323,0.0564039,0.0130667,
26656550,2768,2409,2383,2554,2203,2405,2444,1787,0.012886,-0.00450818,0.999907,0.0566788,0.998385,0.00377089,-0.998309,0.0566249,0.0131207,
26656736,2767,2410,2379,2553,2203,2405,2444,1788,0.0129866,-0.00443019,0.999906,0.0569094,0.998373,0.00368427,-0.998295,0.0568562,0.0132176,
26656870,2766,2413,2386,2552,2207,2408,2444,1787,0.0131021,-0.00439923,0.999904,0.0570988,0.998362,0.00364426,-0.998283,0.0570456,0.0133318,
26657030,2770,2416,2385,2549,2204,2407,2443,1788,0.0132514,-0.00441867,0.999902,0.0573468,0.998348,0.0036518,-0.998266,0.0572928,0.0134829,
26657190,2768,2417,2385,2549,2204,2409,2443,1787,0.0133585,-0.00447933,0.999901,0.0576163,0.998332,0.00370256,-0.998249,0.0575612,0.0135943,
26657350,2770,2423,2385,2551,2204,2407,2444,1787,0.0134655,-0.00451256,0.999899,0.0578877,0.998316,0.00372585,-0.998232,0.0578317,0.013704,
26657535,2762,2418,2388,2552,2202,2406,2444,1788,0.0135615,-0.00450077,0.999898,0.0581625,0.9983,0.00370472,-0.998215,0.0581064,0.0138002,
26657670,2764,2425,2390,2553,2205,2405,2444,1787,0.0136451,-0.00446814,0.999897,0.0583376,0.99829,0.00366485,-0.998204,0.0582816,0.0138825,
26657830,2772,2424,2386,2554,2205,2404,2444,1787,0.0137878,-0.00440141,0.999895,0.0585084,0.99828,0.00358751,-0.998192,0.0584528,0.0140216,
26657990,2764,2423,2385,2553,2202,2402,2444,1788,0.0138929,-0.00433225,0.999894,0.0586461,0.998273,0.00351037,-0.998182,0.0585911,0.014123,
26658150,2767,2426,2381,2554,2201,2402,2444,1787,0.0139456,-0.00426107,0.999894,0.0587686,0.998266,0.00343448,-0.998174,0.0587144,0.0141718,
26658336,2776,2427,2375,2554,2201,2399,2443,1788,0.0139951,-0.00415998,0.999893,0.0588659,0.99826,0.00332926,-0.998168,0.058813,0.0142156,
26658470,2768,2420,2383,2555,2202,2398,2444,1787,0.0140462,-0.00407375,0.999893,0.058886,0.998259,0.00323988,-0.998166,0.0588342,0.0142617,
26658630,2772,2421,2378,2554,2203,2400,2443,1787,0.0141336,-0.00397182,0.999892,0.0589177,0.998258,0.00313252,-0.998163,0.0588671,0.014343,
26658790,2771,2428,2381,2551,2203,2399,2443,1787,0.0142336,-0.00392565,0.999891,0.0589568,0.998256,0.00307997,-0.998159,0.0589065,0.0144402,
26658950,2776,2421,2380,2550,2203,2399,2443,1788,0.014335,-0.00393382,0.99989,0.0589781,0.998255,0.00308184,-0.998156,0.0589274,0.014542,
26659136,2772,2423,2384,2546,2203,2398,2444,1788,0.0144545,-0.00402244,0.999887,0.058981,0.998254,0.00316323,-0.998154,0.0589286,0.0146665,
26659270,2768,2426,2380,2546,2203,2397,2443,1787,0.0145428,-0.00413125,0.999886,0.0589562,0.998255,0.00326703,-0.998155,0.0589019,0.014761,
26659430,2768,2422,2383,2543,2206,2398,2444,1788,0.0146896,-0.00430298,0.999883,0.0589139,0.998257,0.00343047,-0.998155,0.0588566,0.0149175,
26659590,2768,2419,2376,2543,2208,2398,2443,1787,0.0149038,-0.00451753,0.999879,0.0588666,0.998259,0.00363277,-0.998155,0.0588054,0.0151438,
26659750,2761,2415,2384,2543,2209,2398,2444,1787,0.0151593,-0.00473265,0.999874,0.0588095,0.998262,0.0038334,-0.998154,0.058744,0.0154113,
26659936,2778,2411,2383,2545,2209,2395,2443,1788,0.0154764,-0.00494879,0.999868,0.0586914,0.998268,0.00403242,-0.998156,0.0586212,0.01574,
26660070,2779,2419,2389,2548,2207,2395,2444,1787,0.0156847,-0.00504503,0.999864,0.0585797,0.998274,0.00411807,-0.99816,0.0585071,0.0159532,
26660230,2775,2414,2391,2552,2207,2392,2444,1787,0.0159094,-0.00506145,0.999861,0.0584162,0.998284,0.00412397,-0.998166,0.0583425,0.0161778,
26660390,2773,2417,2387,2554,2207,2393,2444,1787,0.0161363,-0.00499414,0.999857,0.0582295,0.998295,0.00404659,-0.998173,0.0581559,0.0163996,
26660550,2769,2419,2389,2551,2205,2394,2444,1788,0.0163333,-0.00494143,0.999854,0.058077,0.998304,0.00398505,-0.998178,0.0580035,0.0165925,
26660736,2771,2413,2393,2549,2203,2395,2444,1787,0.0164959,-0.00496058,0.999852,0.0579434,0.998312,0.00399698,-0.998184,0.0578689,0.0167554,
26660870,2770,2401,2388,2548,2205,2394,2444,1787,0.0166131,-0.00500888,0.999849,0.0578449,0.998317,0.00404007,-0.998187,0.0577691,0.0168749,
26661030,2773,2402,2394,2547,2203,2393,2443,1787,0.0167557,-0.00509268,0.999847,0.0576969,0.998326,0.00411804,-0.998194,0.0576191,0.0170215,
26661190,2769,2411,2387,2547,2203,2394,2444,1787,0.0168709,-0.00518982,0.999844,0.0575547,0.998333,0.00421083,-0.9982,0.0574747,0.0171415,
26661350,2759,2406,2383,2546,2203,2395,2444,1787,0.0169837,-0.00530199,0.999842,0.0574402,0.99834,0.00431833,-0.998204,0.0573577,0.01726,
26661536,2763,2395,2379,2547,2204,2396,2444,1788,0.0171279,-0.00543413,0.999839,0.0573365,0.998345,0.0044438,-0.998208,0.0572511,0.0174111,
26661670,2769,2402,2386,2550,2206,2396,2443,1788,0.0172651,-0.00548434,0.999836,0.0572684,0.998349,0.00448727,-0.99821,0.0571816,0.0175507,
26661830,2765,2407,2383,2552,2207,2397,2444,1787,0.0174686,-0.00547684,0.999832,0.057196,0.998353,0.00446943,-0.99821,0.0571083,0.0177531,
26661990,2768,2407,2390,2555,2205,2395,2444,1787,0.0176595,-0.0053998,0.999829,0.057117,0.998358,0.00438303,-0.998211,0.0570298,0.0179389,
26662150,2769,2403,2390,2557,2203,2394,2443,1787,0.0177988,-0.00525133,0.999828,0.0570127,0.998364,0.00422871,-0.998215,0.0569276,0.0180691,
26662336,2771,2411,2392,2557,2204,2392,2444,1788,0.017949,-0.00504423,0.999826,0.0568474,0.998375,0.00401637,-0.998222,0.0567655,0.0182066,
26662470,2764,2413,2391,2557,2202,2392,2444,1788,0.0180478,-0.00489373,0.999825,0.0567072,0.998383,0.00386305,-0.998228,0.0566276,0.0182961,
26662630,2768,2414,2385,2556,2203,2392,2444,1787,0.018152,-0.00472755,0.999824,0.0565421,0.998393,0.00369426,-0.998235,0.0564651,0.0183901,
26662790,2771,2420,2385,2554,2205,2392,2443,1787,0.0182974,-0.00460311,0.999822,0.0563644,0.998404,0.00356508,-0.998243,0.0562892,0.0185277,
26662950,2768,2416,2387,2552,2203,2392,2443,1787,0.0184431,-0.00453358,0.99982,0.0561832,0.998414,0.00349083,-0.99825,0.0561087,0.0186685,
26663136,2771,2418,2385,2549,2204,2393,2444,1787,0.0185953,-0.0045331,0.999817,0.0559878,0.998425,0.00348549,-0.998258,0.0559127,0.0188198,
26663270,2763,2418,2382,2549,2202,2392,2443,1787,0.0186935,-0.00456709,0.999815,0.0558476,0.998433,0.0035166,-0.998264,0.0557715,0.0189193,
26663430,2761,2414,2385,2549,2202,2391,2444,1787,0.0187859,-0.00460592,0.999813,0.0556582,0.998444,0.00355383,-0.998273,0.0555811,0.019013,
26663590,2770,2407,2381,2550,2203,2389,2443,1788,0.0188956,-0.00462913,0.999811,0.0554235,0.998457,0.00357541,-0.998284,0.0553455,0.019123,
26663750,2769,2411,2385,2551,2204,2389,2444,1787,0.019035,-0.00462384,0.999808,0.0551553,0.998471,0.00356757,-0.998296,0.0550768,0.019261,
26663935,2767,2402,2385,2549,2203,2391,2444,1788,0.0191935,-0.00463514,0.999805,0.0548772,0.998487,0.00357554,-0.998309,0.0547978,0.0194188,
26664070,2769,2403,2385,2549,2204,2393,2444,1788,0.0193051,-0.00466887,0.999803,0.054721,0.998495,0.00360615,-0.998315,0.0546406,0.0195316,
26664230,2759,2399,2386,2551,2202,2393,2444,1788,0.0194212,-0.00468256,0.9998,0.0545697,0.998503,0.00361646,-0.998321,0.0544886,0.0196477,
26664390,2766,2402,2385,2554,2202,2392,2443,1788,0.0195108,-0.00462652,0.999799,0.0544152,0.998512,0.00355867,-0.998328,0.0543348,0.0197335,
26664550,2766,2409,2388,2555,2205,2393,2444,1788,0.0196414,-0.00451609,0.999797,0.0542542,0.998521,0.00344449,-0.998334,0.0541755,0.0198573,
26664736,2766,2403,2382,2556,2204,2392,2444,1788,0.0198249,-0.00435618,0.999794,0.0540614,0.998532,0.0032787,-0.998341,0.0539852,0.0200313,
26664870,2765,2407,2387,2555,2206,2394,2443,1787,0.0199676,-0.00424169,0.999792,0.0539316,0.99854,0.00315927,-0.998345,0.0538573,0.0201672,
26665030,2769,2405,2397,2554,2205,2394,2444,1787,0.0201493,-0.004134,0.999788,0.0538002,0.998547,0.0030446,-0.998348,0.0537274,0.0203425,
26665190,2766,2409,2398,2552,2204,2393,2444,1787,0.020305,-0.00406642,0.999786,0.0536584,0.998555,0.00297165,-0.998353,0.0535866,0.0204938,
26665350,2777,2410,2395,2552,2202,2392,2444,1787,0.020422,-0.00402434,0.999783,0.0534962,0.998564,0.00292669,-0.998359,0.0534249,0.0206079,
26665536,2770,2404,2397,2552,2201,2392,2443,1788,0.0205115,-0.00397395,0.999782,0.0533027,0.998574,0.00287559,-0.998368,0.0532321,0.0206941,
26665670,2774,2411,2388,2553,2202,2391,2443,1788,0.020577,-0.00392554,0.999781,0.053152,0.998582,0.00282689,-0.998374,0.0530822,0.0207565,
26665830,2779,2406,2394,2552,2203,2392,2444,1787,0.0206826,-0.00386809,0.999779,0.0529654,0.998593,0.00276779,-0.998382,0.0528965,0.0208584,
26665990,2766,2405,2396,2551,2201,2391,2443,1787,0.0207746,-0.00383789,0.999777,0.0527804,0.998602,0.00273665,-0.99839,0.0527118,0.0209481,
26666150,2769,2401,2391,2552,2201,2392,2444,1787,0.0208391,-0.00380733,0.999776,0.052602,0.998612,0.00270647,-0.998398,0.0525338,0.0210104,
26666336,2772,2405,2387,2552,2201,2391,2444,1788,0.020914,-0.00375583,0.999774,0.0523957,0.998623,0.00265545,-0.998407,0.0523284,0.021082,
26666470,2763,2402,2388,2554,2201,2392,2444,1787,0.0209679,-0.00369572,0.999773,0.0522486,0.998631,0.0025957,-0.998414,0.0521823,0.0211323,
26666630,2764,2406,2386,2554,2201,2392,2443,1788,0.021031,-0.00359719,0.999772,0.0520889,0.998639,0.00249738,-0.998421,0.0520246,0.0211898,
26666790,2756,2402,2381,2555,2204,2392,2443,1788,0.0211352,-0.00348545,0.999771,0.0519202,0.998648,0.00238394,-0.998428,0.0518579,0.0212876,
26666950,2765,2405,2381,2553,2203,2393,2444,1787,0.0212656,-0.00338849,0.999768,0.0517581,0.998657,0.0022838,-0.998433,0.0516976,0.0214124,
26667131,2763,2402,2381,2552,2204,2395,2443,1788,0.0214092,-0.00332781,0.999765,0.0516204,0.998664,0.00221873,-0.998437,0.0515607,0.0215524,
26667270,2768,2389,2387,2552,2202,2397,2443,1787,0.0215034,-0.00329549,0.999763,0.0515664,0.998667,0.00218276,-0.998438,0.0515073,0.0216447,
26667430,2763,2398,2393,2553,2204,2399,2444,1787,0.0216071,-0.00324744,0.999761,0.0515625,0.998667,0.00212951,-0.998436,0.0515042,0.0217457,
26667590,2773,2403,2387,2555,2205,2398,2444,1788,0.0217505,-0.00315946,0.999758,0.0515655,0.998668,0.00203417,-0.998433,0.0515088,0.0218844,
26667750,2768,2407,2393,2556,2206,2399,2443,1788,0.0219213,-0.00303065,0.999755,0.0515645,0.998668,0.00189672,-0.998429,0.0515103,0.0220483,
26667936,2771,2406,2391,2556,2203,2398,2443,1787,0.0220878,-0.00286454,0.999752,0.0515721,0.998668,0.00172203,-0.998425,0.0515212,0.0222061,
26668070,2771,2414,2397,2556,2203,2398,2444,1788,0.0221743,-0.00274382,0.99975,0.0515739,0.998668,0.00159694,-0.998423,0.0515257,0.0222863,
26668230,2771,2417,2395,2556,2200,2397,2444,1787,0.0222377,-0.00259843,0.999749,0.0515719,0.998668,0.00144849,-0.998422,0.0515268,0.0223421,
26668390,2764,2420,2403,2554,2199,2394,2443,1788,0.0222511,-0.00247686,0.999749,0.0515243,0.998671,0.00132744,-0.998424,0.0514818,0.0223491,
26668550,2767,2411,2398,2554,2199,2392,2443,1787,0.0222567,-0.00237892,0.999749,0.0514066,0.998677,0.00123194,-0.99843,0.0513663,0.0223496,
26668736,2763,2416,2389,2550,2198,2392,2443,1788,0.0222503,-0.00232699,0.99975,0.0512364,0.998686,0.0011842,-0.998439,0.0511972,0.0223403,
26668870,2774,2419,2393,2547,2199,2393,2444,1787,0.0222449,-0.00237067,0.99975,0.0511205,0.998692,0.00123071,-0.998445,0.0510803,0.022337,
26669030,2770,2422,2389,2545,2200,2392,2444,1788,0.0222661,-0.00249181,0.999749,0.050971,0.998699,0.00135398,-0.998452,0.050928,0.0223642,
26669190,2764,2407,2387,2545,2199,2393,2444,1788,0.0222875,-0.0026404,0.999748,0.0508197,0.998707,0.00150472,-0.998459,0.0507733,0.0223928,
26669350,2767,2401,2383,2547,2198,2392,2444,1788,0.0222813,-0.00276119,0.999748,0.0506769,0.998714,0.0016289,-0.998467,0.0506278,0.0223926,
26669536,2768,2406,2389,2547,2198,2392,2444,1787,0.0222596,-0.00286864,0.999748,0.0505002,0.998723,0.0017413,-0.998476,0.0504487,0.022376,
26669670,2770,2401,2387,2551,2200,2391,2443,1788,0.0222677,-0.00289974,0.999748,0.0503582,0.99873,0.00177514,-0.998483,0.050306,0.0223854,
26669830,2769,2403,2390,2551,2201,2391,2443,1787,0.0223196,-0.00288173,0.999747,0.0501679,0.998739,0.00175882,-0.998491,0.050116,0.022436,
26669990,2768,2404,2393,2551,2201,2392,2443,1787,0.022384,-0.00286462,0.999745,0.0499886,0.998748,0.00174254,-0.998499,0.0499369,0.0224992,
26670150,2765,2403,2387,2552,2200,2395,2443,1787,0.0224298,-0.00283655,0.999744,0.0498708,0.998754,0.00171486,-0.998504,0.0498196,0.0225434,
26670336,2774,2400,2390,2553,2199,2393,2444,1788,0.0224498,-0.00277245,0.999744,0.0497603,0.99876,0.00165232,-0.998509,0.0497105,0.0225599,
26670470,2775,2402,2391,2557,2197,2393,2443,1787,0.0224315,-0.00266712,0.999745,0.0496689,0.998765,0.00155007,-0.998514,0.0496214,0.0225362,
26670630,2769,2399,2390,2557,2198,2393,2444,1788,0.0223957,-0.00248627,0.999746,0.0495666,0.99877,0.00137348,-0.99852,0.0495233,0.0224914,
26670790,2771,2404,2392,2557,2199,2393,2443,1787,0.0223874,-0.00230578,0.999747,0.0494576,0.998776,0.00119603,-0.998525,0.0494183,0.022474,
26670950,2767,2402,2383,2554,2198,2395,2444,1787,0.0223768,-0.00216793,0.999747,0.0493746,0.99878,0.00106071,-0.99853,0.0493384,0.0224566,
26671136,2769,2406,2385,2551,2198,2395,2444,1788,0.0223461,-0.00210495,0.999748,0.0493092,0.998783,0.00100077,-0.998534,0.0492744,0.0224227,
26671270,2763,2404,2389,2551,2198,2396,2444,1787,0.0223231,-0.00209468,0.999749,0.0492718,0.998785,0.000992485,-0.998536,0.0492372,0.0223992,
26671430,2759,2403,2382,2548,2197,2398,2443,1788,0.0222785,-0.00212563,0.99975,0.0492708,0.998785,0.00102563,-0.998537,0.0492356,0.0223562,
26671590,2766,2400,2383,2548,2199,2398,2444,1787,0.0222454,-0.00219941,0.99975,0.0492924,0.998784,0.00110048,-0.998537,0.0492556,0.0223267,
26671750,2764,2395,2386,2549,2199,2399,2443,1788,0.0222384,-0.00226053,0.99975,0.0493224,0.998782,0.00116121,-0.998535,0.0492843,0.0223229,
26671935,2769,2409,2390,2549,2201,2399,2443,1788,0.0222607,-0.00231658,0.99975,0.049367,0.99878,0.00121512,-0.998533,0.0493276,0.0223479,
26672070,2770,2407,2386,2550,2202,2398,2444,1787,0.0223127,-0.00234572,0.999748,0.0493797,0.998779,0.00124138,-0.998531,0.0493396,0.0224013,
26672230,2765,2404,2379,2550,2199,2398,2443,1788,0.0223479,-0.00236545,0.999747,0.0493881,0.998779,0.00125916,-0.99853,0.0493475,0.0224375,
26672390,2769,2411,2381,2550,2198,2399,2444,1787,0.0223271,-0.00238523,0.999748,0.0494242,0.998777,0.00127913,-0.998528,0.0493832,0.0224177,
26672550,2769,2407,2393,2547,2199,2398,2444,1788,0.0223065,-0.00244618,0.999748,0.0494576,0.998775,0.0013403,-0.998527,0.0494153,0.0224002,
26672736,2771,2403,2383,2547,2199,2397,2444,1788,0.0223013,-0.00256341,0.999748,0.0494562,0.998775,0.0014577,-0.998527,0.0494112,0.0224008,
26672870,2768,2404,2387,2548,2201,2398,2444,1787,0.0223206,-0.00263666,0.999747,0.0494503,0.998775,0.00153006,-0.998527,0.0494037,0.0224236,
26673030,2774,2400,2385,2550,2201,2397,2444,1788,0.0223708,-0.00268328,0.999746,0.0494392,0.998776,0.0015744,-0.998527,0.0493914,0.0224761,
26673191,2779,2393,2381,2550,2199,2397,2443,1787,0.0223949,-0.00270148,0.999746,0.0494222,0.998777,0.00159177,-0.998527,0.049374,0.022501,
26673350,2770,2414,2387,2551,2198,2398,2443,1788,0.0223766,-0.00270603,0.999746,0.0494305,0.998776,0.00159704,-0.998527,0.0493822,0.0224829,
26673535,2769,2404,2387,2551,2196,2397,2444,1787,0.0223076,-0.00269485,0.999748,0.0494528,0.998775,0.00158877,-0.998527,0.0494049,0.0224136,
26673670,2769,2407,2391,2552,2198,2397,2444,1788,0.0222583,-0.00267449,0.999749,0.0494578,0.998775,0.00157076,-0.998528,0.0494104,0.0223633,
