#Time,Accel_X,Accel_Y,Accel_Z,Gyro_X,Gyro_Y,Gyro_Z,Volt,Temp,RotMat[9]
42895750,2773,2394,2413,2546,2201,2398,2444,1787,-0.0399004,0,0.999204,0.0551521,0.998476,0.00220234,-0.99768,0.055196,-0.0398396,
42895935,2769,2396,2410,2549,2201,2398,2444,1788,-0.0397717,-0.0001178,0.999209,0.0551475,0.998476,0.00231276,-0.997686,0.0551958,-0.0397046,
42896070,2767,2397,2412,2550,2198,2397,2444,1787,-0.0397108,-0.000156681,0.999211,0.0551424,0.998476,0.00234805,-0.997689,0.0551922,-0.0396416,
42896230,2767,2404,2412,2551,2199,2399,2444,1788,-0.0396668,-0.000174195,0.999213,0.0551591,0.998475,0.00236378,-0.997689,0.0552094,-0.0395967,
42896390,2765,2406,2413,2551,2200,2399,2443,1788,-0.0395975,-0.000177036,0.999216,0.0551989,0.998473,0.00236436,-0.99769,0.0552492,-0.0395272,
42896550,2774,2404,2411,2551,2202,2400,2444,1788,-0.039488,-0.0001797,0.99922,0.0552433,0.99847,0.00236272,-0.997692,0.0552935,-0.0394177,
42896736,2769,2401,2417,2549,2199,2397,2443,1788,-0.0393745,-0.000216216,0.999224,0.0552633,0.998469,0.00239371,-0.997695,0.0553147,-0.0393023,
42896870,2771,2402,2405,2550,2200,2399,2444,1787,-0.0393151,-0.000254462,0.999227,0.0552706,0.998468,0.00242892,-0.997697,0.0553234,-0.0392408,
42897030,2765,2402,2412,2549,2198,2398,2444,1788,-0.0392591,-0.000299637,0.999229,0.0552972,0.998467,0.002472,-0.997698,0.0553517,-0.0391823,
42897190,2772,2399,2415,2547,2197,2398,2444,1787,-0.0392439,-0.000386979,0.99923,0.0553174,0.998466,0.00255923,-0.997697,0.0553752,-0.0391623,
42897350,2773,2400,2412,2546,2196,2397,2445,1788,-0.0392559,-0.000516565,0.999229,0.0553277,0.998465,0.00268978,-0.997696,0.0553907,-0.039167,
42897535,2774,2393,2413,2545,2195,2397,2444,1788,-0.0393008,-0.000699059,0.999227,0.055329,0.998464,0.00287468,-0.997694,0.0553992,-0.0392017,
42897670,2769,2396,2408,2546,2197,2398,2444,1788,-0.0393229,-0.000831947,0.999226,0.0553395,0.998463,0.00300911,-0.997693,0.055415,-0.0392164,
42897830,2769,2393,2419,2548,2196,2397,2444,1788,-0.0393346,-0.000947536,0.999226,0.0553504,0.998462,0.00312569,-0.997692,0.0554305,-0.0392217,
42897990,2773,2392,2412,2551,2196,2398,2443,1788,-0.0393588,-0.00099307,0.999225,0.0553679,0.998461,0.00317322,-0.99769,0.0554499,-0.0392433,
42898150,2771,2400,2410,2552,2195,2398,2444,1788,-0.039397,-0.000982129,0.999223,0.0554059,0.998459,0.0031659,-0.997686,0.0554876,-0.0392819,
42898336,2774,2401,2405,2554,2196,2400,2444,1788,-0.0394433,-0.000919632,0.999221,0.0554863,0.998455,0.00310919,-0.99768,0.0555658,-0.0393313,
42898470,2771,2407,2405,2553,2195,2399,2444,1788,-0.0394774,-0.000862535,0.99922,0.0555571,0.998451,0.00305683,-0.997675,0.0556344,-0.0393684,
42898630,2771,2403,2410,2554,2196,2399,2444,1788,-0.039517,-0.000794774,0.999219,0.0556269,0.998447,0.00299409,-0.997669,0.0557018,-0.0394114,
42898790,2765,2403,2409,2555,2198,2398,2443,1788,-0.0395135,-0.000699675,0.999219,0.0556733,0.998445,0.0029007,-0.997667,0.0557445,-0.0394131,
42898950,2772,2403,2407,2552,2197,2399,2443,1788,-0.0394967,-0.000632646,0.999219,0.0557152,0.998443,0.00283444,-0.997665,0.0557836,-0.0394,
42899137,2771,2403,2403,2549,2197,2401,2444,1788,-0.0394993,-0.000650895,0.999219,0.0558148,0.998437,0.00285675,-0.99766,0.0558841,-0.0394012,
42899270,2769,2403,2407,2549,2195,2402,2443,1788,-0.0395277,-0.000697602,0.999218,0.0559261,0.998431,0.00290941,-0.997652,0.0559974,-0.0394266,
42899430,2771,2407,2409,2547,2196,2402,2444,1788,-0.0395773,-0.000781278,0.999216,0.0560768,0.998422,0.00300177,-0.997642,0.0561516,-0.0394711,
42899590,2773,2408,2410,2547,2197,2402,2444,1788,-0.0396,-0.000893098,0.999215,0.0562195,0.998414,0.00312042,-0.997633,0.0562989,-0.0394869,
42899750,2769,2408,2407,2548,2199,2401,2444,1787,-0.0395798,-0.000991581,0.999216,0.0563381,0.998407,0.00322238,-0.997627,0.0564215,-0.0394609,
42899936,2770,2401,2411,2548,2197,2398,2444,1787,-0.0395505,-0.00109174,0.999217,0.0564087,0.998402,0.00332359,-0.997624,0.056496,-0.0394257,
42900070,2769,2409,2414,2550,2196,2401,2444,1788,-0.0395635,-0.00114026,0.999216,0.0564691,0.998399,0.00337519,-0.99762,0.0565584,-0.0394357,
42900230,2768,2409,2405,2549,2195,2401,2444,1787,-0.03961,-0.00118278,0.999215,0.0565923,0.998391,0.00342519,-0.997611,0.0566836,-0.0394794,
42900390,2774,2406,2407,2552,2194,2400,2444,1788,-0.0396823,-0.00119757,0.999212,0.0567089,0.998385,0.00344869,-0.997602,0.0568011,-0.0395503,
42900550,2771,2403,2409,2553,2197,2401,2444,1787,-0.0397261,-0.00115652,0.99921,0.0568214,0.998379,0.00341463,-0.997594,0.0569121,-0.0395959,
42900736,2769,2403,2404,2552,2194,2400,2444,1788,-0.0397769,-0.0011088,0.999208,0.0569521,0.998371,0.00337505,-0.997584,0.0570412,-0.039649,
42900870,2771,2414,2405,2551,2197,2400,2444,1788,-0.039813,-0.00109821,0.999207,0.0570329,0.998367,0.00336974,-0.997578,0.0571218,-0.0396853,
42901031,2769,2412,2404,2552,2197,2400,2444,1788,-0.0398147,-0.00108573,0.999206,0.05712,0.998362,0.00336083,-0.997573,0.0572085,-0.0396874,
42901190,2769,2405,2402,2552,2197,2400,2443,1788,-0.0398161,-0.0010595,0.999206,0.0572066,0.998357,0.00333815,-0.997568,0.0572941,-0.0396901,
42901350,2765,2405,2404,2552,2197,2400,2443,1787,-0.0398176,-0.0010331,0.999206,0.0572937,0.998352,0.00331532,-0.997563,0.0573803,-0.0396928,
42901536,2765,2403,2402,2552,2195,2399,2444,1789,-0.0398499,-0.00100271,0.999205,0.0573858,0.998347,0.00329048,-0.997556,0.0574713,-0.0397265,
42901670,2769,2407,2409,2553,2198,2400,2444,1788,-0.0398614,-0.000969162,0.999205,0.0574499,0.998343,0.00326018,-0.997552,0.0575341,-0.0397397,
42901830,2773,2404,2412,2555,2200,2400,2444,1788,-0.0398067,-0.0008871,0.999207,0.0575262,0.998339,0.00317808,-0.99755,0.0576071,-0.0396896,
42901990,2775,2416,2405,2555,2199,2401,2444,1787,-0.039739,-0.000776712,0.99921,0.0576151,0.998334,0.00306741,-0.997548,0.0576915,-0.039628,
42902150,2765,2405,2406,2553,2197,2400,2444,1787,-0.039713,-0.000694079,0.999211,0.0577127,0.998329,0.00298722,-0.997543,0.0577858,-0.0396066,
42902335,2774,2403,2409,2551,2197,2400,2444,1787,-0.0397147,-0.000663565,0.999211,0.0578135,0.998323,0.00296083,-0.997537,0.0578855,-0.0396097,
42902470,2772,2415,2410,2552,2196,2400,2443,1788,-0.0397277,-0.000653039,0.99921,0.0578893,0.998319,0.00295408,-0.997532,0.057961,-0.0396231,
42902630,2774,2410,2405,2551,2197,2398,2443,1787,-0.0397407,-0.000641403,0.99921,0.0579499,0.998315,0.00294562,-0.997528,0.0580212,-0.0396366,
42902790,2770,2416,2408,2551,2199,2399,2444,1788,-0.0397115,-0.000644421,0.999211,0.0579852,0.998313,0.00294834,-0.997527,0.0580565,-0.0396071,
42902950,2776,2406,2405,2550,2197,2399,2443,1788,-0.0396837,-0.000661016,0.999212,0.0580345,0.99831,0.00296526,-0.997526,0.0581064,-0.0395783,
42903136,2768,2405,2407,2548,2196,2397,2444,1788,-0.0396976,-0.000729816,0.999211,0.0580672,0.998308,0.0030361,-0.997523,0.0581419,-0.039588,
42903270,2769,2410,2406,2549,2194,2398,2444,1788,-0.0397413,-0.000791253,0.99921,0.0580863,0.998307,0.00310079,-0.99752,0.0581637,-0.0396281,
42903430,2773,2410,2409,2549,2195,2398,2443,1788,-0.0398083,-0.000850114,0.999207,0.0581278,0.998304,0.00316515,-0.997515,0.0582077,-0.0396914,
42903590,2765,2408,2405,2549,2195,2396,2444,1787,-0.0398591,-0.000909896,0.999205,0.0581367,0.998303,0.0032282,-0.997513,0.0582192,-0.0397386,
42903750,2767,2405,2403,2551,2198,2397,2444,1788,-0.0398668,-0.000942349,0.999205,0.0581222,0.998304,0.00326049,-0.997513,0.058206,-0.0397445,
42903935,2768,2400,2397,2550,2196,2397,2443,1788,-0.039861,-0.000963295,0.999205,0.0581193,0.998304,0.00328096,-0.997514,0.0582038,-0.0397374,
42904070,2772,2414,2404,2550,2198,2399,2444,1788,-0.039859,-0.000989676,0.999205,0.0581412,0.998303,0.00330808,-0.997512,0.0582269,-0.0397338,
42904230,2778,2408,2403,2552,2197,2398,2444,1788,-0.0398435,-0.00099261,0.999205,0.0581799,0.998301,0.00331164,-0.997511,0.0582656,-0.0397181,
42904390,2767,2406,2401,2553,2198,2397,2443,1788,-0.0398249,-0.000954402,0.999206,0.0581911,0.9983,0.00327283,-0.997511,0.0582753,-0.0397016,
42904550,2763,2400,2406,2554,2199,2397,2444,1788,-0.0397769,-0.000888783,0.999208,0.0581824,0.998301,0.00320413,-0.997513,0.0582637,-0.0396576,
42904736,2768,2405,2404,2553,2199,2397,2443,1788,-0.0397052,-0.000812593,0.999211,0.0581683,0.998302,0.00312326,-0.997517,0.0582464,-0.0395905,
42904870,2767,2402,2407,2553,2201,2399,2444,1788,-0.0396327,-0.000768855,0.999214,0.0581765,0.998302,0.00307566,-0.997519,0.0582527,-0.0395207,
42905030,2774,2401,2408,2554,2200,2398,2444,1788,-0.0395333,-0.000702296,0.999218,0.0581982,0.998301,0.00300422,-0.997522,0.0582715,-0.0394253,
42905190,2767,2398,2413,2557,2199,2395,2444,1788,-0.0394556,-0.000581266,0.999221,0.0581706,0.998303,0.00287768,-0.997527,0.0582389,-0.0393548,
42905350,2768,2405,2410,2559,2197,2394,2443,1788,-0.0394131,-0.000391685,0.999223,0.0580977,0.998307,0.00268292,-0.997533,0.0581583,-0.0393236,
42905535,2770,2406,2412,2557,2196,2395,2444,1789,-0.0394118,-0.000172211,0.999223,0.0580251,0.998312,0.0024607,-0.997537,0.058077,-0.0393352,
42905670,2768,2403,2405,2556,2198,2396,2444,1788,-0.0394018,-4.68439e-05,0.999223,0.0579923,0.998314,0.00233358,-0.997539,0.0580392,-0.0393327,
42905830,2771,2407,2407,2555,2198,2397,2444,1788,-0.0393655,7.44237e-05,0.999225,0.0579747,0.998316,0.00220962,-0.997542,0.0580168,-0.0393035,
42905990,2769,2401,2406,2555,2198,2396,2444,1788,-0.0393293,0.000181697,0.999226,0.0579565,0.998317,0.00209963,-0.997544,0.0579943,-0.0392737,
42906150,2772,2403,2406,2555,2198,2399,2444,1788,-0.0392956,0.000289798,0.999228,0.0579676,0.998316,0.0019901,-0.997545,0.058001,-0.0392463,
42906336,2768,2402,2408,2551,2198,2398,2444,1788,-0.0392604,0.000351349,0.999229,0.0580115,0.998314,0.00192829,-0.997544,0.0580425,-0.0392146,
42906470,2767,2405,2409,2550,2198,2400,2443,1788,-0.0392371,0.000337431,0.99923,0.0580528,0.998312,0.00194246,-0.997542,0.0580843,-0.0391904,
42906630,2775,2413,2406,2551,2199,2401,2443,1788,-0.0391991,0.000321971,0.999231,0.0581426,0.998306,0.00195921,-0.997538,0.0581747,-0.0391514,
42906790,2771,2404,2402,2550,2202,2401,2444,1788,-0.0391072,0.000306605,0.999235,0.0582336,0.998301,0.00197278,-0.997537,0.0582662,-0.0390586,
42906950,2772,2411,2411,2551,2201,2400,2444,1788,-0.0389866,0.000290665,0.99924,0.0583032,0.998297,0.00198438,-0.997537,0.0583362,-0.0389371,
42907133,2776,2404,2412,2550,2201,2401,2444,1788,-0.0388644,0.000272511,0.999244,0.0583867,0.998292,0.00199863,-0.997537,0.0584203,-0.0388139,
42907270,2773,2405,2409,2551,2198,2402,2443,1787,-0.0388103,0.000259809,0.999247,0.0584829,0.998286,0.00201189,-0.997534,0.0585169,-0.038759,
42907430,2769,2411,2408,2553,2198,2399,2443,1788,-0.0387853,0.000286374,0.999248,0.058578,0.998281,0.00198758,-0.997529,0.058611,-0.0387354,
42907590,2767,2400,2411,2555,2199,2397,2443,1788,-0.0387395,0.000366811,0.999249,0.058599,0.99828,0.00190535,-0.99753,0.0586289,-0.0386944,
42907750,2769,2407,2414,2556,2201,2396,2444,1788,-0.0386481,0.000487791,0.999253,0.058568,0.998282,0.00177791,-0.997535,0.058593,-0.0386102,
42907936,2773,2405,2409,2555,2199,2395,2444,1789,-0.038539,0.0006275,0.999257,0.0584979,0.998286,0.00162924,-0.997543,0.0585172,-0.0385096,
42908070,2762,2407,2409,2555,2199,2395,2444,1787,-0.0384827,0.000716222,0.999259,0.0584402,0.99829,0.00153508,-0.997549,0.058456,-0.0384587,
42908230,2758,2409,2412,2556,2198,2396,2443,1787,-0.0384302,0.000836633,0.999261,0.05839,0.998293,0.00140977,-0.997554,0.058401,-0.0384134,
42908390,2771,2401,2408,2554,2196,2396,2443,1788,-0.0384204,0.000943675,0.999261,0.0583639,0.998295,0.00130126,-0.997556,0.0583708,-0.03841,
42908550,2772,2406,2410,2552,2197,2396,2444,1788,-0.0384254,0.000994812,0.999261,0.0583386,0.998296,0.00124949,-0.997557,0.0583435,-0.038418,
42908735,2768,2404,2409,2549,2198,2395,2444,1788,-0.0383996,0.000972393,0.999262,0.0582809,0.998299,0.00126816,-0.997561,0.0582866,-0.0383909,
42908870,2775,2398,2410,2549,2200,2398,2443,1788,-0.0383485,0.000921096,0.999264,0.0582534,0.998301,0.00131537,-0.997565,0.058261,-0.038337,
42909030,2769,2404,2413,2547,2199,2398,2443,1788,-0.0382782,0.000833434,0.999267,0.0582601,0.9983,0.0013991,-0.997567,0.0582709,-0.0382617,
42909191,2763,2399,2405,2547,2199,2399,2443,1788,-0.0382231,0.000717533,0.999269,0.0582836,0.998299,0.00151258,-0.997568,0.0582988,-0.0381999,
42909350,2773,2401,2415,2549,2199,2398,2443,1788,-0.0381682,0.000630886,0.999271,0.0583082,0.998297,0.00159687,-0.997569,0.0583266,-0.03814,
42909536,2773,2400,2411,2550,2199,2397,2444,1788,-0.0381003,0.00057741,0.999274,0.0583051,0.998297,0.00164621,-0.997571,0.0583254,-0.038069,
42909670,2767,2401,2410,2552,2198,2396,2444,1788,-0.0380602,0.000573446,0.999275,0.0582827,0.998299,0.00164698,-0.997574,0.0583032,-0.0380289,
42909830,2768,2400,2408,2553,2199,2398,2444,1787,-0.0380128,0.000611094,0.999277,0.0582726,0.998299,0.00160621,-0.997577,0.0582915,-0.0379838,
42909990,2774,2402,2410,2553,2200,2398,2443,1787,-0.03794,0.00066338,0.99928,0.0582856,0.998299,0.00155022,-0.997579,0.0583025,-0.0379141,
42910150,2776,2403,2416,2553,2197,2399,2444,1788,-0.0378959,0.000716204,0.999281,0.0583201,0.998297,0.00149618,-0.997578,0.0583349,-0.0378731,
42910335,2772,2401,2410,2553,2198,2397,2444,1788,-0.0378754,0.000776997,0.999282,0.0583507,0.998295,0.00143541,-0.997577,0.0583632,-0.0378561,
42910470,2772,2399,2406,2555,2196,2398,2444,1787,-0.0378706,0.000844705,0.999282,0.0583646,0.998294,0.00136802,-0.997577,0.0583746,-0.0378553,
42910630,2768,2407,2411,2555,2197,2398,2444,1787,-0.0378793,0.000953409,0.999282,0.0584004,0.998292,0.00126129,-0.997574,0.0584063,-0.0378703,
42910790,2770,2400,2407,2551,2199,2398,2443,1788,-0.0378478,0.00100591,0.999283,0.0584236,0.998291,0.00120788,-0.997574,0.0584274,-0.0378419,
42910950,2772,2405,2408,2548,2199,2400,2443,1787,-0.0377929,0.000961087,0.999285,0.0584648,0.998289,0.00125101,-0.997574,0.0584703,-0.0377844,
42911136,2759,2403,2402,2545,2199,2399,2444,1788,-0.0377323,0.000811813,0.999288,0.0585253,0.998285,0.00139887,-0.997573,0.0585364,-0.0377151,
42911270,2768,2404,2406,2546,2197,2400,2444,1788,-0.0377122,0.00068095,0.999288,0.0585734,0.998282,0.00153024,-0.997571,0.0585895,-0.0376873,
42911430,2768,2410,2405,2544,2196,2401,2444,1787,-0.037732,0.000511701,0.999288,0.0586697,0.998276,0.00170412,-0.997564,0.0586922,-0.037697,
42911590,2768,2388,2407,2544,2195,2402,2443,1788,-0.0377824,0.000315395,0.999286,0.0588006,0.998268,0.00190814,-0.997554,0.0588307,-0.0377355,
42911750,2771,2409,2407,2544,2198,2400,2444,1787,-0.037804,0.000118555,0.999285,0.0589102,0.998261,0.0021102,-0.997547,0.0589479,-0.0377453,
42911935,2779,2409,2421,2551,2198,2396,2444,1789,-0.0377709,1.25982e-06,0.999286,0.0589289,0.99826,0.00222613,-0.997547,0.058971,-0.0377052,
42912070,2771,2400,2414,2554,2200,2397,2444,1787,-0.0377183,3.26378e-05,0.999288,0.0589052,0.998261,0.00219078,-0.997551,0.0589459,-0.0376546,
42912230,2771,2400,2413,2552,2197,2396,2444,1787,-0.0376694,8.38954e-05,0.99929,0.0588811,0.998263,0.00213578,-0.997554,0.0589198,-0.0376089,
42912390,2773,2400,2414,2551,2195,2398,2443,1788,-0.0376913,9.39194e-05,0.999289,0.0588865,0.998262,0.00212727,-0.997553,0.0589249,-0.0376314,
42912550,2764,2396,2416,2550,2196,2398,2444,1788,-0.03773,7.68075e-05,0.999288,0.0589233,0.99826,0.00214803,-0.997549,0.0589624,-0.0376689,
42912736,2766,2398,2401,2552,2197,2397,2444,1788,-0.0377412,7.25614e-05,0.999288,0.058942,0.998259,0.00215364,-0.997548,0.0589812,-0.0376798,
42912870,2778,2406,2405,2554,2199,2397,2444,1788,-0.0377128,0.000115877,0.999289,0.0589368,0.998259,0.0021085,-0.997549,0.0589744,-0.037654,
42913030,2764,2399,2409,2553,2199,2397,2444,1788,-0.0376511,0.000181447,0.999291,0.0589246,0.99826,0.00203889,-0.997552,0.0589596,-0.0375963,
42913190,2776,2400,2405,2552,2198,2397,2443,1787,-0.0376037,0.0002191,0.999293,0.0589145,0.998261,0.0019981,-0.997555,0.058948,-0.0375512,
42913350,2767,2403,2410,2551,2196,2399,2444,1788,-0.0376005,0.000229757,0.999293,0.0589425,0.998259,0.00198832,-0.997553,0.0589756,-0.0375486,
42913535,2771,2397,2409,2550,2196,2398,2444,1788,-0.0376307,0.000210334,0.999292,0.0589981,0.998256,0.00201159,-0.997549,0.059032,-0.0375774,
42913670,2778,2396,2421,2552,2195,2398,2444,1787,-0.037663,0.000207702,0.99929,0.0590296,0.998254,0.00201733,-0.997545,0.0590637,-0.0376096,
42913830,2776,2401,2412,2554,2198,2398,2444,1788,-0.0376729,0.000260419,0.99929,0.0590629,0.998252,0.0019665,-0.997543,0.059095,-0.0376224,
42913990,2769,2392,2409,2557,2197,2397,2443,1787,-0.0376526,0.000382577,0.999291,0.0590779,0.998252,0.00184384,-0.997543,0.0591054,-0.0376094,
42914150,2768,2404,2404,2558,2196,2397,2444,1788,-0.0376577,0.00056047,0.999291,0.0590876,0.998251,0.0016668,-0.997542,0.0591084,-0.037625,
42914336,2764,2402,2407,2561,2196,2395,2444,1788,-0.0376757,0.000831525,0.99929,0.0590717,0.998253,0.00139649,-0.997543,0.0590824,-0.037659,
42914470,2762,2401,2409,2562,2194,2397,2444,1788,-0.0377108,0.00107381,0.999288,0.059068,0.998253,0.0011564,-0.997541,0.0590696,-0.0377084,
42914630,2764,2404,2403,2559,2194,2397,2443,1788,-0.0377832,0.00133603,0.999285,0.0590984,0.998252,0.000899873,-0.997537,0.0590902,-0.0377961,
42914790,2774,2409,2401,2557,2197,2400,2444,1788,-0.0378191,0.00152924,0.999283,0.0591594,0.998248,0.0007113,-0.997532,0.0591439,-0.0378433,
42914950,2770,2413,2401,2553,2198,2400,2444,1787,-0.037805,0.00163937,0.999284,0.059247,0.998243,0.000603778,-0.997527,0.0592274,-0.0378357,
42915136,2763,2409,2407,2550,2197,2399,2444,1788,-0.0377894,0.00165304,0.999284,0.0593266,0.998238,0.000592206,-0.997523,0.0593065,-0.0378209,
42915270,2769,2403,2405,2549,2197,2398,2444,1788,-0.0377885,0.00161542,0.999284,0.0593601,0.998236,0.000631014,-0.997521,0.0593415,-0.0378178,
42915430,2767,2408,2403,2548,2198,2397,2443,1788,-0.0377719,0.00154165,0.999285,0.0593663,0.998236,0.000703954,-0.997521,0.0593504,-0.0377968,
42915590,2770,2401,2402,2548,2198,2397,2444,1788,-0.0377406,0.00145341,0.999287,0.0593538,0.998237,0.000789759,-0.997523,0.0593412,-0.0377603,
42915750,2768,2405,2405,2548,2199,2397,2444,1788,-0.0376955,0.00136511,0.999288,0.0593379,0.998238,0.00087469,-0.997526,0.0593286,-0.0377101,
42915936,2769,2405,2403,2548,2199,2397,2444,1788,-0.0376271,0.00126237,0.999291,0.0593155,0.998239,0.000972409,-0.99753,0.05931,-0.0376357,
42916070,2763,2410,2404,2551,2201,2396,2444,1787,-0.0375531,0.00122308,0.999294,0.0592831,0.998241,0.00100605,-0.997535,0.059279,-0.0375596,
42916230,2766,2400,2410,2554,2200,2395,2444,1788,-0.0374471,0.00125929,0.999298,0.0592155,0.998245,0.000961048,-0.997543,0.0592099,-0.037456,
42916390,2763,2400,2415,2558,2200,2393,2443,1788,-0.0373495,0.00139238,0.999301,0.0591118,0.998251,0.000818424,-0.997552,0.0591011,-0.0373665,
42916550,2769,2397,2402,2560,2199,2394,2444,1788,-0.037263,0.00160915,0.999304,0.0590007,0.998258,0.000592615,-0.997562,0.0589817,-0.037293,
42916736,2765,2401,2405,2560,2199,2395,2444,1788,-0.0371806,0.00189465,0.999307,0.058911,0.998263,0.000299188,-0.997571,0.0588812,-0.0372276,
42916870,2763,2401,2413,2558,2201,2396,2445,1788,-0.0371006,0.00207743,0.999309,0.0588641,0.998266,0.00011014,-0.997576,0.0588275,-0.0371585,
42917030,2761,2405,2412,2555,2201,2399,2444,1788,-0.0369834,0.00222708,0.999313,0.0588566,0.998266,-4.65274e-05,-0.997581,0.0588145,-0.0370504,
42917190,2771,2408,2412,2551,2200,2401,2444,1787,-0.0368878,0.00228073,0.999317,0.0589214,0.998263,-0.000103358,-0.997581,0.0588773,-0.036958,
42917351,2780,2405,2402,2548,2198,2400,2444,1788,-0.036836,0.00223672,0.999319,0.0590069,0.998258,-5.92829e-05,-0.997578,0.0589646,-0.0369038,
42917536,2769,2406,2414,2546,2197,2396,2443,1788,-0.036819,0.0021033,0.99932,0.0590287,0.998256,7.37973e-05,-0.997577,0.0589913,-0.036879,
42917670,2767,2402,2411,2545,2198,2397,2443,1788,-0.0368044,0.00197055,0.999321,0.0590062,0.998258,0.000204709,-0.997579,0.0589736,-0.0368566,
42917830,2768,2400,2412,2545,2197,2396,2444,1787,-0.0367873,0.00179805,0.999322,0.0589786,0.998259,0.000374993,-0.997581,0.0589523,-0.0368293,
42917990,2767,2399,2409,2545,2199,2396,2444,1788,-0.0367552,0.00162511,0.999323,0.0589329,0.998262,0.000544177,-0.997585,0.058913,-0.0367871,
42918150,2764,2389,2413,2547,2198,2397,2444,1788,-0.0367099,0.00148046,0.999325,0.0588999,0.998264,0.000684784,-0.997589,0.0588852,-0.0367334,
42918336,2772,2388,2409,2549,2199,2398,2443,1789,-0.0366589,0.00137826,0.999327,0.0588984,0.998264,0.000783815,-0.997591,0.0588875,-0.0366764,
42918470,2773,2391,2408,2551,2197,2400,2444,1787,-0.0366358,0.00135251,0.999328,0.0589391,0.998261,0.000809665,-0.997589,0.0589291,-0.0366518,
42918630,2771,2395,2405,2556,2197,2399,2444,1788,-0.0366351,0.00142025,0.999328,0.0590135,0.998257,0.000744695,-0.997585,0.0590011,-0.036655,
42918790,2775,2409,2407,2558,2199,2399,2444,1787,-0.0366038,0.00158543,0.999329,0.059071,0.998254,0.000579951,-0.997582,0.0590525,-0.0366336,
42918950,2775,2410,2404,2558,2200,2399,2444,1788,-0.0365308,0.0017784,0.999331,0.0591196,0.998251,0.000384654,-0.997582,0.0590941,-0.036572,
42919136,2769,2408,2400,2554,2200,2397,2443,1788,-0.0364283,0.00193669,0.999334,0.0591351,0.99825,0.000221033,-0.997585,0.0591038,-0.0364791,
42919270,2768,2408,2401,2552,2200,2397,2444,1788,-0.0363538,0.00197979,0.999337,0.0591186,0.998251,0.000172972,-0.997589,0.0590857,-0.0364072,
42919430,2769,2407,2409,2546,2195,2396,2444,1788,-0.0363346,0.00191926,0.999338,0.0590961,0.998252,0.000231479,-0.997591,0.0590654,-0.0363845,
42919590,2766,2409,2402,2544,2196,2396,2445,1788,-0.0363713,0.00174667,0.999337,0.0590674,0.998254,0.000405007,-0.997591,0.059043,-0.036411,
42919750,2765,2403,2405,2542,2199,2395,2444,1788,-0.0363528,0.00151746,0.999338,0.059008,0.998257,0.00063071,-0.997595,0.0589919,-0.036379,
42919936,2767,2404,2404,2542,2197,2397,2444,1788,-0.0363172,0.00121881,0.99934,0.0589505,0.99826,0.000924839,-0.9976,0.0589452,-0.0363259,
42920070,2773,2404,2413,2541,2200,2396,2444,1787,-0.0362813,0.000992195,0.999341,0.0589181,0.998262,0.00114791,-0.997603,0.0589209,-0.0362767,
42920230,2769,2400,2407,2546,2201,2397,2444,1787,-0.0361823,0.000777319,0.999345,0.0588684,0.998265,0.00135491,-0.99761,0.0588788,-0.0361652,
42920390,2775,2397,2413,2548,2201,2395,2444,1788,-0.0360665,0.000659979,0.999349,0.0588051,0.998268,0.00146301,-0.997618,0.0588196,-0.0360428,
42920550,2772,2405,2414,2549,2199,2395,2443,1788,-0.035975,0.000584032,0.999353,0.0587213,0.998273,0.00153047,-0.997626,0.0587383,-0.0359472,
42920736,2775,2395,2416,2551,2200,2395,2443,1789,-0.0358839,0.000544636,0.999356,0.0586299,0.998279,0.00156117,-0.997635,0.0586481,-0.035854,
42920870,2769,2402,2413,2551,2201,2396,2444,1788,-0.0357957,0.000539894,0.999359,0.0585718,0.998282,0.00155865,-0.997641,0.05859,-0.0357658,
42921030,2768,2404,2417,2550,2201,2397,2443,1788,-0.0356792,0.000520902,0.999363,0.0585276,0.998285,0.00156921,-0.997648,0.0585463,-0.0356485,
42921190,2770,2405,2414,2551,2199,2396,2444,1788,-0.0355904,0.000502044,0.999366,0.0584902,0.998287,0.00158151,-0.997653,0.0585094,-0.0355588,
42921350,2775,2400,2413,2549,2196,2396,2444,1788,-0.0355694,0.000469159,0.999367,0.0584544,0.998289,0.00161185,-0.997656,0.0584747,-0.035536,
42921535,2771,2409,2412,2546,2194,2393,2444,1788,-0.0356221,0.000349355,0.999365,0.0583779,0.998293,0.00173188,-0.997659,0.0584025,-0.0355817,
42921670,2771,2407,2417,2544,2192,2394,2443,1788,-0.0357061,0.000202497,0.999362,0.0583061,0.998297,0.00188093,-0.99766,0.0583361,-0.0356571,
42921830,2767,2399,2416,2544,2194,2393,2444,1788,-0.0358061,4.45508e-07,0.999359,0.0582197,0.998302,0.00208551,-0.997661,0.058257,-0.0357454,
42921990,2773,2399,2408,2545,2194,2394,2444,1788,-0.0358784,-0.000187749,0.999356,0.0581271,0.998307,0.0022744,-0.997664,0.0581713,-0.0358067,
42922150,2772,2392,2408,2547,2195,2395,2443,1788,-0.0359384,-0.000333301,0.999354,0.0580624,0.99831,0.00242098,-0.997666,0.0581119,-0.0358584,
42922336,2768,2397,2405,2551,2196,2395,2444,1788,-0.0359759,-0.000404624,0.999353,0.0580008,0.998313,0.00249219,-0.997668,0.058053,-0.0358917,
42922470,2768,2392,2408,2554,2195,2396,2444,1788,-0.0360023,-0.000373657,0.999352,0.0579725,0.998315,0.00246177,-0.997669,0.0580235,-0.03592,
42922630,2768,2404,2408,2553,2195,2399,2444,1788,-0.036052,-0.000307162,0.99935,0.0580018,0.998314,0.00239929,-0.997665,0.0580506,-0.0359734,
42922790,2774,2406,2401,2551,2196,2400,2443,1788,-0.0360935,-0.00028125,0.999348,0.0580843,0.998309,0.00237879,-0.997659,0.0581323,-0.0360162,
42922950,2776,2411,2411,2552,2200,2400,2444,1787,-0.0360676,-0.000269304,0.999349,0.0581641,0.998304,0.00236823,-0.997655,0.0582117,-0.0359908,
42923135,2771,2408,2400,2553,2199,2397,2444,1788,-0.0359851,-0.000224633,0.999352,0.0581955,0.998303,0.00231993,-0.997656,0.0582413,-0.035911,
42923270,2775,2406,2403,2553,2198,2397,2444,1788,-0.0359449,-0.000181038,0.999354,0.0581875,0.998303,0.00227374,-0.997658,0.0582316,-0.0358734,
42923431,2762,2404,2405,2550,2197,2397,2445,1788,-0.0359254,-0.000171161,0.999354,0.0581828,0.998303,0.00226257,-0.997659,0.0582265,-0.0358545,
42923590,2763,2402,2409,2546,2195,2398,2443,1787,-0.0359502,-0.000258199,0.999354,0.0581983,0.998302,0.00235152,-0.997658,0.0582452,-0.0358742,
42923750,2771,2406,2401,2544,2197,2399,2444,1787,-0.0359792,-0.000429022,0.999352,0.0582393,0.998299,0.00252533,-0.997654,0.0582925,-0.035893,
42923936,2769,2402,2405,2547,2197,2398,2443,1788,-0.0359805,-0.00061149,0.999352,0.05828,0.998297,0.00270914,-0.997652,0.0583397,-0.0358835,
42924070,2760,2398,2407,2548,2199,2398,2444,1788,-0.0359565,-0.00069648,0.999353,0.0582935,0.998296,0.00279313,-0.997652,0.0583563,-0.0358546,
42924230,2771,2393,2401,2551,2201,2399,2444,1788,-0.0358729,-0.000741884,0.999356,0.0583135,0.998294,0.00283432,-0.997654,0.0583776,-0.0357684,
42924390,2765,2397,2410,2552,2199,2399,2444,1788,-0.0357895,-0.000730948,0.999359,0.0583507,0.998292,0.00281985,-0.997654,0.0584142,-0.0356857,
42924550,2763,2406,2405,2553,2199,2400,2444,1788,-0.0357344,-0.000691531,0.999361,0.0584104,0.998289,0.00277938,-0.997653,0.0584724,-0.0356328,
42924735,2771,2407,2411,2553,2200,2400,2444,1789,-0.0356558,-0.000629438,0.999364,0.0584933,0.998284,0.00271571,-0.997651,0.0585529,-0.0355578,
42924870,2769,2402,2409,2554,2200,2399,2444,1788,-0.0355856,-0.000572681,0.999366,0.0585391,0.998282,0.00265653,-0.997651,0.0585966,-0.0354909,
42925030,2776,2407,2414,2554,2200,2399,2443,1788,-0.0355009,-0.000491782,0.99937,0.0585794,0.998279,0.00257218,-0.997651,0.0586338,-0.035411,
42925190,2773,2410,2410,2552,2200,2399,2444,1788,-0.0354167,-0.000438875,0.999373,0.0586185,0.998277,0.00251577,-0.997652,0.0586708,-0.03533,
42925350,2769,2408,2407,2551,2199,2397,2444,1788,-0.0353447,-0.000428602,0.999375,0.0586297,0.998277,0.00250167,-0.997654,0.0586815,-0.0352586,
42925536,2764,2405,2403,2551,2199,2396,2444,1789,-0.035273,-0.000434093,0.999378,0.0585948,0.998279,0.00250172,-0.997658,0.0586466,-0.0351869,
42925670,2768,2406,2408,2551,2199,2397,2443,1787,-0.0352214,-0.000438047,0.999379,0.0585697,0.99828,0.00250176,-0.997662,0.0586215,-0.0351352,
42925830,2768,2413,2407,2551,2200,2395,2444,1788,-0.0351448,-0.000443183,0.999382,0.0585218,0.998283,0.0025007,-0.997667,0.0585735,-0.0350585,
42925990,2774,2403,2407,2550,2203,2396,2444,1787,-0.0350122,-0.000462912,0.999387,0.0584451,0.998287,0.00250995,-0.997676,0.0584971,-0.0349251,
42926150,2774,2405,2403,2549,2203,2397,2444,1787,-0.0348411,-0.000510108,0.999393,0.0583864,0.998291,0.00254503,-0.997686,0.0584396,-0.0347518,
42926335,2772,2402,2411,2550,2203,2398,2444,1788,-0.0346461,-0.000563866,0.999399,0.0583524,0.998293,0.00258614,-0.997695,0.0584069,-0.0345541,
42926470,2770,2402,2419,2550,2200,2398,2444,1788,-0.0345395,-0.000590838,0.999403,0.0583489,0.998293,0.00260673,-0.997699,0.0584041,-0.034446,
42926630,2772,2402,2413,2550,2199,2397,2444,1787,-0.034467,-0.000622902,0.999406,0.0583436,0.998293,0.00263433,-0.997701,0.0583997,-0.0343718,
42926790,2774,2395,2414,2551,2200,2397,2444,1788,-0.0343931,-0.000641313,0.999408,0.0583243,0.998294,0.00264774,-0.997705,0.0583808,-0.034297,
42926950,2776,2403,2410,2551,2199,2397,2444,1788,-0.0343189,-0.000645727,0.999411,0.0583056,0.998295,0.00264717,-0.997709,0.0583621,-0.0342227,
42927136,2765,2400,2418,2550,2197,2397,2444,1788,-0.0342809,-0.000666915,0.999412,0.0582948,0.998296,0.00266575,-0.997711,0.0583519,-0.0341836,
42927270,2771,2405,2413,2551,2199,2399,2444,1788,-0.0342556,-0.00068161,0.999413,0.0583115,0.998295,0.00267952,-0.997711,0.0583691,-0.0341575,
42927430,2776,2397,2421,2552,2199,2399,2443,1787,-0.0341998,-0.000670611,0.999415,0.0583554,0.998292,0.00266677,-0.99771,0.0584124,-0.0341023,
42927590,2770,2401,2414,2553,2197,2400,2444,1788,-0.0341722,-0.000631165,0.999416,0.0584218,0.998289,0.00262802,-0.997707,0.0584775,-0.0340768,
42927750,2771,2398,2412,2554,2196,2400,2445,1788,-0.0341866,-0.000563208,0.999415,0.0585142,0.998283,0.00256414,-0.997701,0.0585677,-0.034095,
42927933,2778,2400,2408,2554,2197,2401,2444,1788,-0.0342042,-0.000469086,0.999415,0.0586374,0.998276,0.00247537,-0.997693,0.0586877,-0.0341177,
42928070,2767,2404,2407,2553,2199,2401,2444,1788,-0.0341832,-0.000410473,0.999415,0.058733,0.998271,0.00241886,-0.997688,0.0587813,-0.0341,
42928230,2770,2401,2407,2552,2198,2400,2443,1787,-0.0341442,-0.000370412,0.999417,0.0588253,0.998265,0.0023797,-0.997684,0.0588723,-0.0340632,
42928390,2776,2405,2408,2552,2198,2399,2444,1787,-0.0341169,-0.000344964,0.999418,0.0588911,0.998262,0.00235492,-0.997681,0.0589372,-0.0340372,
42928550,2769,2400,2407,2550,2197,2400,2443,1788,-0.0341038,-0.000347445,0.999418,0.058959,0.998258,0.00235894,-0.997678,0.0590051,-0.0340239,
42928736,2771,2401,2403,2550,2198,2399,2444,1788,-0.0340892,-0.000382869,0.999419,0.0590364,0.998253,0.0023961,-0.997674,0.0590838,-0.034007,
42928870,2763,2393,2405,2551,2199,2400,2444,1789,-0.0340554,-0.000396771,0.99942,0.0590871,0.99825,0.00240971,-0.997672,0.0591349,-0.0339724,
42929030,2768,2394,2411,2553,2200,2400,2444,1788,-0.0339879,-0.000371175,0.999422,0.0591575,0.998246,0.00238254,-0.99767,0.0592043,-0.0339063,
42929190,2769,2399,2408,2553,2201,2401,2444,1787,-0.0338936,-0.00031738,0.999425,0.0592371,0.998241,0.00232592,-0.997668,0.0592819,-0.0338152,
42929350,2769,2401,2416,2554,2201,2402,2444,1788,-0.0337876,-0.000248993,0.999429,0.0593432,0.998235,0.00225491,-0.997666,0.0593855,-0.0337132,
42929535,2773,2403,2410,2554,2201,2403,2444,1787,-0.0336676,-0.000152987,0.999433,0.0595005,0.998226,0.00215717,-0.99766,0.0595393,-0.0335987,
42929670,2773,2397,2417,2556,2198,2402,2444,1788,-0.0336144,-5.9171e-05,0.999435,0.0596248,0.998219,0.00206448,-0.997655,0.0596605,-0.033551,
42929830,2771,2403,2412,2555,2198,2402,2443,1787,-0.0335912,6.58554e-05,0.999436,0.0597682,0.99821,0.00194304,-0.997647,0.0597997,-0.033535,
42929990,2768,2399,2404,2553,2197,2401,2444,1788,-0.0335813,0.000148625,0.999436,0.0598984,0.998203,0.00186416,-0.997639,0.0599272,-0.0335299,
42930150,2765,2397,2411,2551,2199,2404,2443,1787,-0.0335611,0.000176015,0.999437,0.060052,0.998194,0.00184075,-0.997631,0.06008,-0.0335111,
42930336,2767,2396,2407,2549,2199,2404,2444,1789,-0.033511,0.000143785,0.999438,0.0602708,0.99818,0.00187727,-0.997619,0.0602999,-0.0334587,
42930470,2774,2402,2410,2547,2196,2406,2444,1788,-0.0335124,7.43803e-05,0.999438,0.0604593,0.998169,0.00195299,-0.997608,0.0604908,-0.0334555,
42930630,2768,2402,2411,2549,2197,2406,2443,1788,-0.033544,-7.70784e-06,0.999437,0.0607203,0.998153,0.00204565,-0.997591,0.0607548,-0.0334816,
42930790,2775,2395,2406,2554,2199,2404,2443,1788,-0.0335301,7.32893e-06,0.999438,0.0609464,0.998139,0.00203737,-0.997578,0.0609805,-0.0334681,
42930950,2770,2401,2413,2558,2199,2401,2443,1787,-0.0334803,0.000146547,0.999439,0.0610984,0.99813,0.00190038,-0.99757,0.0611278,-0.0334266,
42931136,2775,2397,2411,2559,2197,2400,2443,1788,-0.0334473,0.000388334,0.99944,0.0612185,0.998123,0.00166092,-0.997564,0.0612398,-0.0334083,
42931270,2764,2396,2417,2562,2199,2400,2444,1788,-0.0334217,0.000609131,0.999441,0.0612949,0.998119,0.0014414,-0.99756,0.0613088,-0.0333961,
42931430,2762,2408,2408,2562,2197,2401,2444,1788,-0.0333914,0.000915076,0.999442,0.0614026,0.998112,0.00113761,-0.997554,0.0614063,-0.0333846,
42931590,2765,2405,2411,2561,2197,2403,2443,1788,-0.0333925,0.00120812,0.999442,0.0615604,0.998103,0.000850299,-0.997545,0.0615544,-0.0334036,
42931750,2769,2395,2415,2559,2195,2404,2444,1788,-0.0334254,0.00146029,0.99944,0.0617669,0.99809,0.000607419,-0.997531,0.0617526,-0.0334518,
42931936,2772,2398,2403,2555,2195,2403,2444,1789,-0.0334974,0.00165598,0.999437,0.0620104,0.998075,0.000424634,-0.997513,0.0619897,-0.0335357,
42932070,2774,2400,2403,2555,2198,2403,2444,1788,-0.0335146,0.00174966,0.999437,0.0621629,0.998066,0.000337281,-0.997503,0.0621392,-0.0335585,
42932230,2771,2405,2402,2557,2199,2403,2444,1787,-0.0334795,0.00188926,0.999438,0.0623328,0.998055,0.000201394,-0.997494,0.0623045,-0.0335321,
42932390,2768,2407,2404,2557,2198,2405,2444,1788,-0.0334461,0.0020575,0.999438,0.0625332,0.998043,3.80364e-05,-0.997482,0.0624993,-0.0335093,
42932550,2765,2394,2408,2557,2196,2405,2443,1788,-0.0334564,0.00222658,0.999438,0.062773,0.998028,-0.000122099,-0.997467,0.0627336,-0.0335302,
42932735,2771,2405,2403,2556,2198,2405,2445,1789,-0.0334685,0.0024059,0.999437,0.0630496,0.99801,-0.000291097,-0.997449,0.0630043,-0.0335536,
42932870,2777,2396,2415,2559,2197,2405,2444,1788,-0.0334653,0.00256031,0.999437,0.0632496,0.997998,-0.000438769,-0.997436,0.0631993,-0.0335602,
42933030,2773,2402,2405,2560,2199,2403,2444,1788,-0.0334443,0.00279859,0.999437,0.0634566,0.997984,-0.000671067,-0.997424,0.0633984,-0.0335544,
42933190,2774,2399,2412,2561,2199,2404,2444,1788,-0.033394,0.0030644,0.999438,0.0636433,0.997972,-0.000933402,-0.997414,0.0635764,-0.0335213,
42933350,2771,2402,2410,2564,2199,2403,2444,1788,-0.0333426,0.00338617,0.999438,0.0638326,0.99796,-0.00125162,-0.997403,0.063755,-0.0334907,
42933536,2765,2403,2407,2567,2200,2402,2444,1788,-0.0332623,0.00385701,0.999439,0.0640191,0.997947,-0.00172063,-0.997394,0.063926,-0.033441,
42933670,2771,2403,2411,2569,2197,2402,2443,1788,-0.0332254,0.00425463,0.999439,0.0641496,0.997938,-0.00211565,-0.997387,0.0640433,-0.0334299,
42933830,2769,2404,2412,2566,2197,2403,2444,1788,-0.033224,0.00471591,0.999437,0.0643295,0.997925,-0.00257029,-0.997375,0.0642079,-0.0334584,
42933990,2773,2400,2407,2562,2197,2405,2444,1787,-0.0332277,0.0050802,0.999435,0.064549,0.99791,-0.00292643,-0.997361,0.0644153,-0.0334862,
42934150,2764,2405,2405,2558,2197,2405,2443,1788,-0.0332356,0.00533319,0.999433,0.0647926,0.997894,-0.00317033,-0.997345,0.0646505,-0.0335112,
42934335,2771,2404,2411,2557,2197,2403,2443,1788,-0.0332437,0.00554405,0.999432,0.0650368,0.997877,-0.00337214,-0.997329,0.0648878,-0.0335337,
42934470,2763,2406,2407,2559,2195,2402,2444,1788,-0.0332697,0.00570901,0.99943,0.0651843,0.997867,-0.00353019,-0.997318,0.0650297,-0.0335709,
42934630,2772,2398,2409,2561,2194,2402,2444,1787,-0.0333396,0.00596035,0.999426,0.0653573,0.997855,-0.00377075,-0.997305,0.0651941,-0.0336576,
42934790,2763,2396,2402,2561,2194,2401,2444,1787,-0.0334215,0.00623943,0.999422,0.0655204,0.997843,-0.00403851,-0.997291,0.0653475,-0.0337583,
42934950,2761,2388,2409,2562,2195,2402,2444,1788,-0.0334894,0.00653245,0.999418,0.0656807,0.997831,-0.00432119,-0.997279,0.0654977,-0.0338459,
42935136,2768,2400,2406,2563,2195,2402,2443,1788,-0.033553,0.00690594,0.999413,0.0658815,0.997816,-0.00468309,-0.997263,0.0656857,-0.0339347,
42935270,2768,2403,2403,2565,2196,2402,2444,1788,-0.0335865,0.00721014,0.99941,0.0660249,0.997806,-0.00497971,-0.997253,0.0658187,-0.0339889,
42935430,2770,2395,2401,2566,2196,2403,2445,1787,-0.0336131,0.00761561,0.999406,0.0662092,0.997791,-0.00537649,-0.997239,0.0659892,-0.0340431,
42935590,2767,2399,2402,2569,2195,2403,2444,1788,-0.0336534,0.00807746,0.999401,0.0664142,0.997775,-0.00582792,-0.997224,0.0661783,-0.0341149,
42935750,2772,2396,2406,2572,2196,2403,2444,1787,-0.0336919,0.00862328,0.999395,0.066623,0.997758,-0.00636313,-0.997209,0.0663683,-0.0341909,
42935936,2771,2395,2402,2571,2196,2403,2444,1788,-0.03372,0.00929026,0.999388,0.0668632,0.997737,-0.00701891,-0.997192,0.0665856,-0.0342649,
42936070,2767,2398,2405,2569,2199,2403,2444,1788,-0.0337063,0.00973546,0.999384,0.0670259,0.997723,-0.00745869,-0.997182,0.0667332,-0.0342821,
42936230,2778,2407,2403,2566,2198,2403,2444,1788,-0.0336637,0.0101969,0.999381,0.06721,0.997707,-0.00791593,-0.997171,0.0669019,-0.0342719,
42936390,2776,2403,2405,2563,2197,2404,2444,1787,-0.0336511,0.0105749,0.999378,0.0674119,0.997691,-0.00828717,-0.997158,0.0670911,-0.0342863,
42936550,2761,2396,2412,2561,2196,2403,2444,1788,-0.0336673,0.010883,0.999374,0.0676177,0.997674,-0.0085866,-0.997143,0.0672862,-0.0343249,
42936736,2769,2394,2411,2558,2197,2403,2444,1789,-0.0336863,0.0111595,0.99937,0.0678362,0.997657,-0.00885378,-0.997128,0.0674952,-0.0343644,
42936870,2769,2394,2411,2559,2195,2404,2443,1788,-0.0337128,0.0113356,0.999367,0.0680077,0.997644,-0.00902184,-0.997115,0.0676605,-0.0344043,
42937030,2763,2404,2401,2561,2195,2403,2443,1787,-0.0337711,0.0115879,0.999362,0.0682214,0.997627,-0.0092624,-0.997098,0.0678652,-0.0344815,
42937190,2766,2389,2417,2564,2196,2404,2444,1788,-0.0338142,0.0119102,0.999357,0.0684349,0.99761,-0.00957378,-0.997082,0.0680671,-0.0345485,
42937350,2768,2390,2409,2565,2197,2406,2444,1788,-0.0338318,0.0122893,0.999352,0.0686877,0.997589,-0.00994226,-0.997064,0.0683068,-0.0345944,
42937535,2771,2395,2415,2562,2196,2405,2444,1789,-0.0338539,0.0126957,0.999346,0.0689955,0.997563,-0.0103357,-0.997042,0.0686005,-0.0346473,
42937670,2767,2391,2408,2562,2194,2407,2444,1787,-0.0339061,0.0129572,0.999341,0.0692398,0.997544,-0.0105847,-0.997024,0.0688353,-0.03472,
42937830,2770,2387,2409,2563,2194,2407,2444,1788,-0.0339972,0.0132821,0.999334,0.0695664,0.997518,-0.0108913,-0.996998,0.0691497,-0.0348368,
42937990,2772,2385,2410,2563,2197,2407,2444,1787,-0.0340467,0.0136207,0.999327,0.0698829,0.997492,-0.0112148,-0.996974,0.0694541,-0.0349132,
42938150,2779,2393,2405,2562,2198,2408,2444,1787,-0.0340425,0.0139455,0.999323,0.0701994,0.997466,-0.0115282,-0.996952,0.0697594,-0.0349352,
42938336,2773,2395,2406,2561,2198,2408,2444,1788,-0.0340233,0.0142908,0.999319,0.0705786,0.997436,-0.0118609,-0.996926,0.070127,-0.0349447,
42938470,2768,2396,2407,2562,2196,2410,2444,1788,-0.034034,0.0145402,0.999315,0.0708823,0.997411,-0.0120984,-0.996904,0.070422,-0.0349766,
42938630,2771,2395,2411,2565,2196,2409,2443,1787,-0.0340741,0.0148944,0.999308,0.0712692,0.99738,-0.0124356,-0.996875,0.0707962,-0.0350463,
42938790,2769,2395,2409,2567,2195,2406,2444,1788,-0.0341224,0.0153174,0.9993,0.0716043,0.99735,-0.0128425,-0.996849,0.071116,-0.0351288,
42938950,2768,2393,2405,2569,2197,2405,2444,1789,-0.0341519,0.0157949,0.999292,0.0718798,0.997325,-0.0133073,-0.996828,0.0713744,-0.0351959,
42939136,2768,2397,2405,2568,2195,2407,2444,1789,-0.0341869,0.0163667,0.999281,0.0722177,0.997293,-0.0138635,-0.996803,0.0716919,-0.0352763,
42939270,2774,2397,2408,2567,2200,2411,2444,1788,-0.0341828,0.0167568,0.999275,0.0725248,0.997265,-0.0142422,-0.996781,0.0719854,-0.0353046,
42939430,2768,2393,2406,2564,2199,2413,2444,1788,-0.0341296,0.0171683,0.99927,0.0729624,0.997227,-0.0146412,-0.996751,0.0724094,-0.0352876,
42939590,2773,2387,2406,2561,2200,2415,2444,1788,-0.0340817,0.0174972,0.999266,0.0734547,0.997186,-0.0149555,-0.996716,0.0728911,-0.035271,
42939750,2776,2384,2407,2561,2199,2414,2445,1788,-0.0340354,0.0177844,0.999262,0.0739597,0.997145,-0.0152276,-0.99668,0.0733869,-0.0352535,
42939936,2777,2384,2402,2561,2200,2413,2444,1788,-0.0339792,0.0181175,0.999258,0.0745128,0.997099,-0.0155446,-0.996641,0.0739293,-0.0352306,
42940070,2770,2389,2406,2564,2201,2412,2444,1788,-0.0339134,0.0183919,0.999256,0.0748822,0.997067,-0.0158102,-0.996616,0.0742903,-0.0351911,
42940230,2773,2386,2406,2567,2203,2413,2444,1788,-0.0337919,0.0188033,0.999252,0.0753162,0.997028,-0.0162145,-0.996587,0.074712,-0.0351076,
42940390,2768,2385,2409,2568,2202,2413,2444,1787,-0.0336563,0.0192709,0.999248,0.0757638,0.996986,-0.0166754,-0.996558,0.0751455,-0.0350149,
