#Time,Accel_X,Accel_Y,Accel_Z,Gyro_X,Gyro_Y,Gyro_Z,Volt,Temp,RotMat[9]
5444583,2766,2442,2401,2554,2192,2399,2443,1793,-0.0283806,0,0.999597,-0.0167771,0.999859,-0.000476335,-0.999456,-0.0167838,-0.0283766,
5444769,2767,2435,2400,2552,2193,2398,2443,1793,-0.0282717,-3.53322e-05,0.9996,-0.0167711,0.999859,-0.000438995,-0.99946,-0.0167768,-0.0282683,
5444903,2763,2437,2407,2555,2191,2399,2444,1792,-0.0282047,-4.90914e-05,0.999602,-0.0167629,0.999859,-0.000423877,-0.999462,-0.0167682,-0.0282015,
5445063,2763,2444,2411,2557,2190,2398,2444,1793,-0.0281648,4.14489e-06,0.999603,-0.0167384,0.99986,-0.000475767,-0.999463,-0.0167452,-0.0281608,
5445223,2760,2440,2408,2559,2191,2398,2444,1793,-0.0281231,0.000112633,0.999604,-0.0167256,0.99986,-0.000583225,-0.999465,-0.0167354,-0.0281173,
5445383,2773,2445,2411,2560,2190,2396,2444,1792,-0.0280788,0.000262198,0.999606,-0.0167398,0.99986,-0.000732484,-0.999466,-0.0167538,-0.0280705,
5445570,2778,2447,2411,2558,2187,2394,2444,1793,-0.0280873,0.000419783,0.999605,-0.0168072,0.999858,-0.000892144,-0.999464,-0.0168256,-0.0280763,
5445703,2772,2441,2402,2558,2189,2394,2445,1792,-0.0281037,0.000508358,0.999605,-0.0168771,0.999857,-0.000982984,-0.999463,-0.0168981,-0.0280911,
5445863,2764,2441,2405,2555,2188,2396,2443,1794,-0.0281122,0.000573759,0.999605,-0.0169382,0.999856,-0.00105026,-0.999461,-0.016961,-0.0280984,
5446023,2775,2438,2407,2553,2188,2397,2444,1793,-0.0281385,0.00057068,0.999604,-0.0169553,0.999856,-0.00104811,-0.99946,-0.0169781,-0.0281248,
5446183,2770,2434,2407,2550,2186,2397,2443,1793,-0.0281946,0.00049862,0.999602,-0.0169536,0.999856,-0.000976938,-0.999459,-0.0169744,-0.0281821,
5446369,2775,2441,2395,2551,2185,2395,2443,1793,-0.0283063,0.000382159,0.999599,-0.0169737,0.999856,-0.000862912,-0.999455,-0.0169913,-0.0282957,
5446503,2766,2442,2395,2552,2188,2397,2443,1792,-0.0283632,0.000321383,0.999598,-0.0169934,0.999855,-0.000803648,-0.999453,-0.0170094,-0.0283537,
5446663,2771,2443,2395,2551,2190,2397,2443,1793,-0.0283641,0.000249005,0.999598,-0.0170071,0.999855,-0.000731654,-0.999453,-0.017021,-0.0283557,
5446823,2766,2440,2395,2551,2188,2397,2443,1793,-0.0283651,0.000162742,0.999598,-0.0170214,0.999855,-0.000645793,-0.999453,-0.0170329,-0.0283583,
5446983,2770,2441,2402,2550,2187,2398,2444,1792,-0.0284088,6.31255e-05,0.999596,-0.0170105,0.999855,-0.000546585,-0.999452,-0.0170191,-0.0284037,
5447169,2761,2442,2401,2550,2189,2398,2443,1793,-0.028445,-6.85697e-05,0.999595,-0.0169861,0.999856,-0.000414778,-0.999451,-0.0169911,-0.028442,
5447303,2765,2441,2404,2549,2188,2397,2443,1792,-0.0284588,-0.000175391,0.999595,-0.0169845,0.999856,-0.000308119,-0.999451,-0.0169864,-0.0284577,
5447463,2764,2441,2407,2550,2189,2396,2444,1793,-0.0284735,-0.000303529,0.999595,-0.0170116,0.999855,-0.000180967,-0.99945,-0.0170098,-0.0284745,
5447623,2766,2434,2398,2553,2190,2396,2444,1793,-0.0284585,-0.000376579,0.999595,-0.0170581,0.999854,-0.000108968,-0.999449,-0.0170543,-0.0284608,
5447783,2778,2435,2402,2553,2189,2395,2443,1793,-0.028442,-0.000408265,0.999595,-0.017117,0.999853,-7.86685e-05,-0.999449,-0.0171123,-0.0284448,
5447969,2764,2440,2408,2554,2190,2396,2444,1793,-0.0284224,-0.000428956,0.999596,-0.0171848,0.999852,-5.95633e-05,-0.999448,-0.0171795,-0.0284256,
5448103,2768,2439,2407,2553,2188,2396,2444,1792,-0.0284207,-0.000443549,0.999596,-0.0172182,0.999852,-4.58888e-05,-0.999448,-0.0172126,-0.0284241,
5448263,2771,2447,2410,2552,2188,2395,2444,1794,-0.0284458,-0.000488882,0.999595,-0.0172664,0.999851,-2.3478e-06,-0.999446,-0.0172595,-0.02845,
5448423,2761,2440,2404,2551,2188,2397,2444,1793,-0.0284723,-0.000561693,0.999594,-0.0173014,0.99985,6.90248e-05,-0.999445,-0.0172925,-0.0284778,
5448583,2767,2434,2403,2551,2191,2398,2444,1792,-0.0284605,-0.000647742,0.999595,-0.0173051,0.99985,0.000155196,-0.999445,-0.0172937,-0.0284675,
5448770,2768,2440,2404,2552,2189,2397,2444,1793,-0.0284303,-0.000732175,0.999596,-0.017313,0.99985,0.000239947,-0.999446,-0.0172992,-0.0284387,
5448903,2765,2446,2404,2552,2190,2398,2444,1793,-0.0284202,-0.000780617,0.999596,-0.0173149,0.99985,0.000288525,-0.999446,-0.0172997,-0.0284294,
5449063,2767,2440,2403,2552,2188,2397,2443,1792,-0.0284217,-0.000838814,0.999596,-0.0173134,0.99985,0.000346753,-0.999446,-0.0172965,-0.028432,
5449223,2766,2443,2399,2552,2188,2398,2443,1792,-0.0284509,-0.000896852,0.999595,-0.0173042,0.99985,0.00040456,-0.999445,-0.0172857,-0.0284622,
5449383,2764,2440,2405,2550,2190,2398,2443,1793,-0.0284539,-0.000982525,0.999595,-0.0172896,0.99985,0.000490621,-0.999446,-0.0172686,-0.0284667,
5449569,2766,2432,2400,2548,2188,2398,2444,1793,-0.0284585,-0.00114669,0.999594,-0.0172757,0.999851,0.000655144,-0.999446,-0.01725,-0.0284741,
5449703,2763,2439,2402,2547,2191,2399,2443,1793,-0.0284516,-0.00129967,0.999594,-0.0172584,0.999851,0.000808771,-0.999446,-0.0172284,-0.0284698,
5449863,2766,2437,2406,2549,2191,2402,2444,1793,-0.0284057,-0.0014675,0.999595,-0.0171906,0.999852,0.000979371,-0.999449,-0.0171558,-0.0284267,
5450023,2767,2443,2413,2550,2191,2402,2443,1793,-0.028362,-0.0015928,0.999596,-0.0170771,0.999854,0.00110867,-0.999452,-0.0170387,-0.0283851,
5450183,2768,2439,2409,2552,2191,2402,2444,1793,-0.0283177,-0.00167644,0.999598,-0.0169616,0.999855,0.00119637,-0.999455,-0.0169209,-0.028342,
5450370,2764,2443,2410,2552,2190,2399,2444,1793,-0.028278,-0.00174268,0.999599,-0.0168714,0.999857,0.00126585,-0.999458,-0.0168288,-0.0283033,
5450503,2774,2443,2411,2553,2191,2397,2443,1793,-0.0282454,-0.00177947,0.999599,-0.0168669,0.999857,0.00130332,-0.999459,-0.0168234,-0.0282714,
5450663,2772,2443,2404,2552,2192,2395,2444,1793,-0.0281747,-0.00182505,0.999601,-0.0169272,0.999856,0.00134841,-0.99946,-0.0168825,-0.0282016,
5450823,2773,2442,2407,2553,2190,2398,2444,1792,-0.0281188,-0.00187026,0.999603,-0.0169692,0.999855,0.00139339,-0.999461,-0.0169233,-0.0281465,
5450983,2764,2445,2407,2551,2189,2400,2443,1793,-0.0281095,-0.00192766,0.999603,-0.0169279,0.999856,0.00145213,-0.999462,-0.0168804,-0.0281381,
5451169,2768,2441,2401,2549,2190,2401,2443,1793,-0.0281033,-0.00205795,0.999603,-0.0168326,0.999857,0.00158524,-0.999463,-0.0167813,-0.0281339,
5451303,2777,2446,2402,2550,2190,2401,2444,1793,-0.0280882,-0.00216327,0.999603,-0.0167555,0.999858,0.001693,-0.999465,-0.0167013,-0.0281205,
5451463,2770,2446,2406,2548,2189,2400,2443,1793,-0.0280834,-0.00230312,0.999603,-0.0166748,0.999859,0.00183524,-0.999466,-0.0166166,-0.0281178,
5451623,2765,2444,2405,2550,2190,2398,2444,1792,-0.0280755,-0.00244384,0.999603,-0.0166376,0.99986,0.00197717,-0.999467,-0.0165755,-0.0281122,
5451783,2776,2447,2411,2549,2191,2398,2444,1793,-0.0280378,-0.00257141,0.999604,-0.0166364,0.999859,0.00210544,-0.999468,-0.0165708,-0.0280766,
5451970,2768,2443,2406,2548,2191,2398,2443,1793,-0.027978,-0.00275306,0.999605,-0.0166409,0.999859,0.002288,-0.99947,-0.0165703,-0.0280199,
5452103,2771,2436,2410,2546,2187,2401,2444,1793,-0.0279846,-0.00291591,0.999604,-0.0165971,0.999859,0.002452,-0.999471,-0.0165219,-0.0280291,
5452263,2770,2440,2408,2546,2188,2401,2444,1792,-0.0280375,-0.00313847,0.999602,-0.0164909,0.99986,0.00267674,-0.999471,-0.0164093,-0.0280853,
5452423,2765,2433,2411,2549,2190,2400,2444,1793,-0.0280472,-0.00331991,0.999601,-0.0164085,0.999861,0.00286037,-0.999472,-0.0163218,-0.0280978,
5452583,2767,2443,2406,2548,2191,2400,2444,1792,-0.028014,-0.00347409,0.999601,-0.0163506,0.999862,0.00301677,-0.999474,-0.0162596,-0.0280669,
5452769,2765,2444,2407,2550,2189,2398,2443,1792,-0.0279888,-0.00363778,0.999602,-0.0163118,0.999862,0.003182,-0.999475,-0.0162162,-0.0280443,
5452903,2777,2443,2404,2553,2190,2397,2444,1792,-0.0279787,-0.00369821,0.999602,-0.0163142,0.999862,0.00324254,-0.999475,-0.016217,-0.0280352,
5453063,2767,2443,2404,2554,2186,2396,2443,1793,-0.0280052,-0.00371517,0.999601,-0.0163321,0.999861,0.00325858,-0.999474,-0.0162343,-0.028062,
5453223,2758,2436,2406,2555,2188,2397,2443,1793,-0.0280589,-0.00370421,0.999599,-0.0163411,0.999861,0.00324648,-0.999473,-0.0162435,-0.0281155,
5453383,2769,2441,2401,2554,2189,2397,2444,1793,-0.0280721,-0.00369319,0.999599,-0.0163469,0.999861,0.00323508,-0.999472,-0.0162495,-0.0281286,
5453569,2764,2440,2398,2554,2189,2398,2444,1793,-0.0280729,-0.00369628,0.999599,-0.0163419,0.999861,0.0032383,-0.999472,-0.0162445,-0.0281294,
5453703,2764,2437,2402,2554,2192,2400,2444,1793,-0.0280412,-0.00369797,0.9996,-0.0163114,0.999862,0.00324136,-0.999474,-0.016214,-0.0280977,
5453863,2762,2439,2404,2553,2192,2400,2443,1793,-0.0279642,-0.00371353,0.999602,-0.0162579,0.999863,0.00325968,-0.999477,-0.0161603,-0.0280208,
5454023,2765,2443,2409,2552,2190,2401,2444,1793,-0.0279164,-0.00375643,0.999603,-0.0161838,0.999864,0.00330544,-0.999479,-0.0160851,-0.0279734,
5454183,2768,2448,2407,2553,2189,2401,2443,1792,-0.027911,-0.00379881,0.999603,-0.0160838,0.999865,0.00335071,-0.999481,-0.0159839,-0.0279683,
5454369,2773,2447,2411,2549,2189,2401,2444,1793,-0.0279217,-0.00389641,0.999603,-0.0159656,0.999867,0.00345147,-0.999483,-0.0158629,-0.0279801,
5454503,2770,2440,2410,2549,2189,2401,2444,1793,-0.0279301,-0.00401323,0.999602,-0.0158827,0.999867,0.00357052,-0.999484,-0.0157767,-0.0279902,
5454663,2763,2441,2409,2549,2189,2401,2444,1793,-0.0279402,-0.00415273,0.999601,-0.0157838,0.999869,0.00371266,-0.999485,-0.0156737,-0.0280021,
5454823,2768,2449,2411,2550,2189,2400,2444,1793,-0.0279491,-0.00427863,0.9996,-0.0156986,0.999869,0.00384084,-0.999486,-0.015585,-0.0280126,
5454983,2769,2451,2410,2552,2186,2397,2444,1792,-0.0279947,-0.00436379,0.999599,-0.0156582,0.99987,0.00392645,-0.999485,-0.015542,-0.0280593,
5455170,2771,2445,2408,2552,2187,2395,2443,1792,-0.0280737,-0.00443236,0.999596,-0.0156853,0.999869,0.00399305,-0.999483,-0.0155669,-0.0281395,
5455303,2771,2443,2400,2553,2186,2396,2443,1793,-0.0281289,-0.00446984,0.999594,-0.0157161,0.999868,0.00402881,-0.999481,-0.0155964,-0.0281954,
5455463,2762,2438,2399,2552,2186,2397,2443,1793,-0.0282111,-0.00451426,0.999592,-0.0157203,0.999868,0.00407184,-0.999478,-0.0155991,-0.0282784,
5455623,2769,2446,2396,2550,2188,2396,2443,1793,-0.0282664,-0.0046005,0.99959,-0.0157342,0.999868,0.00415684,-0.999477,-0.0156102,-0.0283351,
5455783,2767,2445,2403,2551,2189,2398,2443,1793,-0.0282815,-0.00470057,0.999589,-0.0157455,0.999867,0.00425639,-0.999476,-0.0156186,-0.0283517,
5455969,2766,2440,2400,2551,2191,2398,2444,1794,-0.0282529,-0.00480035,0.999589,-0.0157371,0.999867,0.00435688,-0.999477,-0.0156076,-0.0283247,
5456103,2769,2440,2400,2553,2189,2400,2443,1794,-0.0282336,-0.00484849,0.99959,-0.0157057,0.999867,0.00440622,-0.999478,-0.0155749,-0.028306,
5456263,2768,2439,2400,2555,2188,2399,2443,1793,-0.0282522,-0.00484989,0.999589,-0.0156397,0.999868,0.00440921,-0.999478,-0.0155087,-0.0283244,
5456423,2763,2443,2407,2554,2189,2398,2443,1793,-0.0282686,-0.00483799,0.999589,-0.015602,0.999869,0.00439812,-0.999479,-0.0154712,-0.0283403,
5456583,2764,2442,2408,2554,2189,2400,2444,1793,-0.0282723,-0.00483977,0.999589,-0.0155542,0.999869,0.00440119,-0.999479,-0.0154234,-0.0283439,
5456770,2771,2440,2404,2555,2190,2398,2444,1793,-0.0282602,-0.00482571,0.999589,-0.015502,0.99987,0.00438879,-0.99948,-0.0153716,-0.0283314,
5456903,2768,2433,2408,2557,2189,2399,2444,1792,-0.0282502,-0.00478132,0.999589,-0.0154752,0.999871,0.00434531,-0.999481,-0.0153461,-0.0283206,
5457063,2770,2435,2401,2557,2187,2398,2443,1792,-0.0282792,-0.00469992,0.999589,-0.0154303,0.999872,0.00426471,-0.999481,-0.0153034,-0.0283481,
5457223,2768,2447,2404,2556,2187,2398,2443,1793,-0.0283351,-0.00463253,0.999588,-0.0153931,0.999873,0.00419751,-0.99948,-0.0152678,-0.0284028,
5457383,2764,2435,2402,2557,2188,2397,2444,1793,-0.028376,-0.00456551,0.999587,-0.0153742,0.999873,0.00413038,-0.999479,-0.0152506,-0.0284426,
5457569,2775,2452,2400,2554,2187,2398,2444,1793,-0.0284242,-0.00451989,0.999586,-0.0153537,0.999874,0.0040846,-0.999478,-0.0152313,-0.02849,
5457703,2768,2454,2409,2552,2190,2398,2444,1793,-0.0284376,-0.00454506,0.999585,-0.015336,0.999874,0.00411007,-0.999478,-0.0152128,-0.0285037,
5457863,2760,2448,2399,2552,2188,2398,2444,1793,-0.0284402,-0.00460296,0.999585,-0.01532,0.999874,0.00416841,-0.999478,-0.0151951,-0.0285071,
5458023,2766,2443,2400,2552,2188,2397,2444,1792,-0.0284694,-0.004661,0.999584,-0.0153109,0.999874,0.00422628,-0.999477,-0.0151843,-0.0285372,
5458183,2765,2446,2398,2552,2188,2396,2443,1793,-0.0284966,-0.00471963,0.999583,-0.0153309,0.999873,0.00428394,-0.999476,-0.0152024,-0.0285653,
5458368,2766,2447,2395,2553,2190,2398,2443,1793,-0.0284969,-0.0047712,0.999582,-0.0153451,0.999873,0.00433512,-0.999476,-0.0152152,-0.0285665,
5458503,2770,2443,2401,2552,2191,2401,2444,1792,-0.0284665,-0.00480779,0.999583,-0.0153038,0.999873,0.00437336,-0.999478,-0.015173,-0.0285365,
5458663,2766,2443,2399,2553,2193,2400,2443,1792,-0.0283911,-0.00485081,0.999585,-0.0152371,0.999874,0.00441944,-0.999481,-0.0151053,-0.0284614,
5458823,2770,2439,2396,2554,2192,2399,2443,1793,-0.0282993,-0.00486673,0.999588,-0.0152018,0.999875,0.00443775,-0.999484,-0.0150699,-0.0283697,
5458983,2767,2437,2396,2554,2191,2397,2443,1793,-0.0282318,-0.00486949,0.99959,-0.0152018,0.999875,0.00444153,-0.999486,-0.0150702,-0.0283023,
5459169,2770,2437,2406,2555,2191,2396,2443,1794,-0.0281656,-0.00485748,0.999591,-0.0152472,0.999874,0.00442923,-0.999487,-0.0151162,-0.0282361,
5459303,2774,2434,2403,2555,2189,2397,2444,1793,-0.0281409,-0.00483706,0.999592,-0.0152731,0.999874,0.00440845,-0.999487,-0.0151428,-0.0282112,
5459463,2759,2440,2401,2553,2189,2398,2444,1792,-0.0281415,-0.00483971,0.999592,-0.0152688,0.999874,0.00441121,-0.999487,-0.0151384,-0.0282119,
5459623,2767,2447,2407,2553,2192,2397,2444,1793,-0.0281012,-0.00487037,0.999593,-0.0152772,0.999873,0.00444226,-0.999488,-0.0151461,-0.028172,
5459783,2762,2441,2413,2553,2191,2398,2444,1792,-0.0280331,-0.00490119,0.999595,-0.015293,0.999873,0.00447367,-0.99949,-0.0151614,-0.0281045,
5459970,2769,2448,2408,2552,2191,2398,2444,1793,-0.0279712,-0.00495301,0.999596,-0.015291,0.999873,0.0045265,-0.999492,-0.0151583,-0.0280434,
5460103,2771,2439,2415,2553,2187,2398,2444,1792,-0.0279732,-0.0049896,0.999596,-0.0152772,0.999873,0.00456346,-0.999492,-0.0151433,-0.0280459,
5460263,2761,2438,2403,2555,2187,2398,2444,1793,-0.0280302,-0.00499166,0.999595,-0.0152434,0.999873,0.0045656,-0.999491,-0.0151092,-0.0281028,
5460423,2762,2451,2410,2556,2188,2397,2444,1793,-0.0280717,-0.00495242,0.999594,-0.0152258,0.999874,0.00452622,-0.99949,-0.0150926,-0.0281435,
5460583,2764,2442,2404,2554,2188,2398,2443,1793,-0.0280995,-0.00492714,0.999593,-0.0152127,0.999874,0.00450089,-0.999489,-0.01508,-0.0281709,
5460769,2758,2436,2407,2551,2188,2400,2444,1793,-0.0281368,-0.00497746,0.999592,-0.0151508,0.999875,0.0045524,-0.999489,-0.0150166,-0.0282087,
5460903,2759,2450,2404,2551,2190,2401,2444,1793,-0.0281437,-0.00504799,0.999591,-0.0150778,0.999876,0.00462491,-0.99949,-0.0149415,-0.0282164,
5461063,2766,2446,2409,2550,2190,2400,2444,1793,-0.0281246,-0.00514626,0.999591,-0.0149989,0.999876,0.00472572,-0.999492,-0.0148598,-0.0281983,
5461223,2769,2444,2411,2553,2188,2400,2444,1792,-0.0281316,-0.00521689,0.999591,-0.0149255,0.999877,0.00479834,-0.999493,-0.0147844,-0.028206,
5461383,2765,2446,2402,2554,2190,2400,2444,1793,-0.0281376,-0.00523198,0.99959,-0.0148494,0.999878,0.00481548,-0.999494,-0.0147078,-0.0282119,
5461570,2761,2445,2404,2556,2189,2398,2444,1793,-0.0281253,-0.00520169,0.999591,-0.0147964,0.999879,0.00478687,-0.999495,-0.0146557,-0.0281989,
5461703,2766,2438,2406,2559,2191,2398,2444,1793,-0.0281024,-0.00512299,0.999592,-0.014783,0.99988,0.00470886,-0.999496,-0.0146447,-0.0281747,
5461863,2770,2451,2406,2559,2191,2398,2443,1792,-0.0280464,-0.00498681,0.999594,-0.0147724,0.99988,0.00457376,-0.999497,-0.0146381,-0.0281168,
5462023,2767,2446,2408,2559,2190,2396,2443,1792,-0.0280023,-0.00485113,0.999596,-0.0147871,0.999881,0.00443827,-0.999498,-0.0146568,-0.0280707,
5462183,2774,2448,2402,2559,2189,2395,2443,1793,-0.0279827,-0.00471616,0.999597,-0.0148377,0.999881,0.00430213,-0.999498,-0.0147114,-0.0280493,
5462369,2772,2453,2405,2557,2188,2395,2444,1793,-0.0279914,-0.0045917,0.999598,-0.0149064,0.99988,0.00417558,-0.999497,-0.0147835,-0.0280565,
5462503,2767,2453,2403,2555,2189,2395,2443,1793,-0.0279984,-0.00454855,0.999598,-0.0149581,0.99988,0.00413086,-0.999496,-0.0148364,-0.0280631,
5462663,2764,2446,2408,2551,2191,2395,2444,1793,-0.0279667,-0.00458057,0.999598,-0.0150352,0.999878,0.0041612,-0.999496,-0.0149128,-0.0280322,
5462823,2763,2440,2405,2549,2191,2395,2444,1792,-0.0279088,-0.00469606,0.999599,-0.015124,0.999876,0.00427511,-0.999496,-0.0149986,-0.0279763,
5462983,2772,2441,2402,2548,2189,2396,2444,1793,-0.0278802,-0.00485277,0.999599,-0.0151927,0.999875,0.00443036,-0.999496,-0.0150631,-0.0279504,
5463169,2770,2448,2404,2547,2190,2397,2444,1793,-0.0278659,-0.00506646,0.999599,-0.0152362,0.999873,0.00464311,-0.999496,-0.0151007,-0.0279396,
5463303,2769,2444,2410,2549,2189,2399,2444,1793,-0.0278581,-0.00520806,0.999598,-0.0152305,0.999873,0.00478502,-0.999496,-0.0150911,-0.0279338,
5463463,2775,2447,2406,2549,2189,2398,2443,1793,-0.0278631,-0.00534899,0.999597,-0.0152041,0.999872,0.00492666,-0.999496,-0.0150607,-0.0279409,
5463623,2766,2449,2410,2552,2189,2395,2444,1793,-0.0278633,-0.00544942,0.999597,-0.0152336,0.999871,0.00502629,-0.999496,-0.0150874,-0.0279427,
5463783,2770,2453,2409,2554,2189,2394,2443,1792,-0.0278581,-0.00548157,0.999597,-0.0153178,0.99987,0.00505617,-0.999495,-0.0151707,-0.0279385,
5463969,2767,2443,2406,2552,2189,2393,2444,1793,-0.0278498,-0.00551961,0.999597,-0.0154493,0.999868,0.00509067,-0.999493,-0.0153013,-0.0279313,
5464103,2767,2447,2410,2553,2186,2395,2443,1793,-0.0278795,-0.00555821,0.999596,-0.015523,0.999866,0.00512676,-0.999491,-0.0153738,-0.0279621,
5464263,2761,2443,2406,2552,2185,2395,2443,1792,-0.0279725,-0.00560342,0.999593,-0.0155671,0.999865,0.00516932,-0.999487,-0.0154162,-0.0280559,
5464423,2767,2435,2411,2553,2185,2394,2444,1793,-0.0280782,-0.00564884,0.99959,-0.015622,0.999864,0.00521158,-0.999484,-0.0154693,-0.0281627,
5464583,2766,2434,2405,2556,2187,2395,2443,1793,-0.0281554,-0.00563889,0.999588,-0.0156816,0.999864,0.00519874,-0.999481,-0.0155288,-0.02824,
5464769,2761,2437,2412,2558,2188,2395,2443,1794,-0.0281967,-0.00554654,0.999587,-0.0157432,0.999863,0.00510398,-0.999478,-0.0155927,-0.0282802,
5464903,2763,2435,2411,2557,2189,2397,2443,1793,-0.0282049,-0.00546803,0.999587,-0.0157689,0.999863,0.00502459,-0.999478,-0.0156207,-0.0282872,
5465063,2765,2442,2411,2558,2189,2396,2443,1793,-0.0282018,-0.00537406,0.999588,-0.0157888,0.999863,0.00493009,-0.999478,-0.0156433,-0.0282828,
5465223,2775,2438,2407,2557,2187,2398,2444,1792,-0.0282275,-0.00527965,0.999588,-0.0157868,0.999864,0.0048353,-0.999477,-0.0156438,-0.028307,
5465383,2777,2439,2403,2555,2186,2395,2443,1793,-0.0282943,-0.00522695,0.999586,-0.0157901,0.999864,0.00478145,-0.999475,-0.0156483,-0.028373,
5465569,2771,2451,2403,2554,2184,2394,2444,1794,-0.0284162,-0.00521521,0.999583,-0.0158506,0.999863,0.00476607,-0.99947,-0.0157086,-0.028495,
5465703,2769,2447,2399,2552,2187,2394,2443,1793,-0.0284921,-0.00524196,0.99958,-0.0159113,0.999862,0.0047899,-0.999467,-0.0157681,-0.0285716,
5465863,2767,2446,2398,2549,2187,2393,2444,1793,-0.0285414,-0.00534387,0.999578,-0.0160128,0.99986,0.00488815,-0.999464,-0.0158666,-0.028623,
5466023,2766,2437,2399,2546,2188,2395,2444,1792,-0.0285793,-0.00552888,0.999576,-0.0161078,0.999857,0.00506989,-0.999462,-0.015956,-0.0286642,
5466183,2765,2436,2395,2543,2187,2396,2444,1793,-0.0286216,-0.00579631,0.999574,-0.0161633,0.999855,0.00533513,-0.99946,-0.0160037,-0.0287111,
5466370,2760,2436,2402,2543,2189,2396,2444,1793,-0.0286569,-0.00615731,0.99957,-0.016218,0.999852,0.00569409,-0.999458,-0.0160479,-0.0287525,
5466503,2769,2445,2400,2549,2189,2395,2443,1793,-0.028657,-0.00634519,0.999569,-0.0162718,0.99985,0.00588047,-0.999457,-0.0160963,-0.028756,
5466663,2767,2439,2401,2551,2192,2395,2444,1793,-0.0286127,-0.00646065,0.99957,-0.0163567,0.999848,0.00599424,-0.999457,-0.0161782,-0.0287141,
5466823,2763,2437,2401,2552,2195,2399,2443,1793,-0.028489,-0.00653375,0.999573,-0.0164039,0.999847,0.00606801,-0.999459,-0.0162241,-0.0285918,
5466983,2763,2443,2398,2553,2195,2398,2443,1793,-0.0283264,-0.00657843,0.999577,-0.0164175,0.999847,0.00611495,-0.999464,-0.0162373,-0.02843,
5467169,2764,2441,2410,2554,2193,2396,2443,1794,-0.0281653,-0.00659891,0.999581,-0.0164735,0.999845,0.00613647,-0.999468,-0.0162938,-0.0282697,
5467303,2771,2437,2411,2550,2191,2399,2443,1792,-0.0280971,-0.00664804,0.999583,-0.016491,0.999845,0.00618624,-0.999469,-0.0163103,-0.0282024,
5467463,2777,2442,2407,2549,2190,2400,2444,1793,-0.0280626,-0.00677474,0.999583,-0.0164461,0.999845,0.0063148,-0.999471,-0.016262,-0.0281697,
5467623,2772,2442,2409,2549,2189,2396,2443,1793,-0.0280528,-0.00691604,0.999583,-0.0164379,0.999844,0.00645653,-0.999471,-0.0162499,-0.0281621,
5467783,2766,2444,2412,2549,2189,2394,2444,1793,-0.0280504,-0.007059,0.999582,-0.016513,0.999842,0.00659745,-0.99947,-0.016321,-0.0281625,
5467969,2769,2439,2407,2547,2188,2395,2444,1792,-0.028063,-0.00725772,0.99958,-0.0166144,0.999839,0.00679315,-0.999468,-0.0164168,-0.0281791,
5468103,2769,2433,2406,2547,2187,2397,2444,1793,-0.0280983,-0.00742328,0.999578,-0.0166459,0.999837,0.00695729,-0.999467,-0.0164434,-0.0282173,
5468263,2766,2433,2405,2547,2186,2396,2444,1792,-0.0281692,-0.00762052,0.999574,-0.0166617,0.999836,0.00715297,-0.999464,-0.0164531,-0.0282916,
5468423,2763,2433,2408,2549,2187,2397,2444,1793,-0.0282397,-0.00778999,0.999571,-0.0166761,0.999834,0.00732092,-0.999462,-0.0164622,-0.0283649,
5468583,2756,2428,2400,2553,2189,2397,2443,1793,-0.0282683,-0.00787609,0.999569,-0.016683,0.999833,0.00740637,-0.999461,-0.0164665,-0.028395,
5468769,2772,2426,2404,2558,2189,2397,2443,1793,-0.0282671,-0.00783109,0.99957,-0.0166925,0.999834,0.00736111,-0.999461,-0.0164773,-0.0283931,
5468903,2771,2432,2408,2560,2193,2397,2443,1794,-0.0282184,-0.00771753,0.999572,-0.0167078,0.999834,0.00724789,-0.999462,-0.0164961,-0.0283427,
5469063,2767,2434,2403,2560,2192,2398,2443,1793,-0.0281195,-0.00755411,0.999576,-0.0167213,0.999835,0.00708568,-0.999465,-0.016515,-0.0282412,
5469223,2773,2441,2411,2558,2190,2400,2444,1793,-0.0280657,-0.00741735,0.999579,-0.0166816,0.999837,0.00695089,-0.999467,-0.0164795,-0.0281849,
5469383,2771,2440,2407,2556,2190,2401,2444,1793,-0.0280437,-0.00733512,0.99958,-0.0165937,0.999839,0.00687147,-0.999469,-0.016394,-0.0281609,
5469570,2768,2444,2403,2555,2188,2400,2444,1793,-0.0280512,-0.0072875,0.99958,-0.0164846,0.999841,0.0068268,-0.999471,-0.0162862,-0.0281668,
5469703,2768,2440,2409,2553,2189,2397,2444,1794,-0.028065,-0.00728916,0.99958,-0.0164539,0.999841,0.0068291,-0.999471,-0.0162553,-0.0281805,
5469863,2766,2435,2404,2553,2188,2398,2444,1792,-0.02808,-0.00731951,0.999579,-0.0164473,0.999841,0.00685939,-0.99947,-0.0162477,-0.0281959,
5470023,2771,2447,2399,2553,2188,2398,2444,1793,-0.0281098,-0.00734948,0.999578,-0.0164224,0.999841,0.0068896,-0.99947,-0.0162218,-0.0282261,
5470183,2766,2444,2404,2552,2187,2398,2444,1793,-0.0281538,-0.00739327,0.999576,-0.0163946,0.999842,0.00693347,-0.999469,-0.0161924,-0.0282705,
5470369,2760,2446,2403,2551,2188,2397,2443,1793,-0.0282041,-0.00747679,0.999574,-0.0163806,0.999841,0.00701659,-0.999468,-0.0161758,-0.0283221,
5470503,2771,2452,2399,2553,2187,2396,2444,1793,-0.0282384,-0.00752582,0.999573,-0.0163943,0.999841,0.00706469,-0.999467,-0.0161878,-0.0283573,
5470663,2771,2451,2399,2554,2188,2393,2444,1793,-0.0282744,-0.00754388,0.999572,-0.0164666,0.999839,0.00708012,-0.999465,-0.0162594,-0.0283941,
5470823,2772,2449,2408,2556,2187,2387,2443,1793,-0.0283001,-0.00752292,0.999571,-0.0166673,0.999836,0.00705303,-0.999461,-0.0164606,-0.0284208,
5470983,2760,2448,2400,2556,2186,2390,2444,1793,-0.0283497,-0.00747493,0.99957,-0.0169028,0.999833,0.0069975,-0.999455,-0.0166971,-0.0284713,
5471170,2759,2439,2402,2556,2196,2397,2443,1793,-0.0282748,-0.00741622,0.999573,-0.0170475,0.999831,0.00693592,-0.999455,-0.0168441,-0.0283964,
5471303,2759,2435,2403,2553,2194,2402,2444,1792,-0.0281406,-0.0074067,0.999577,-0.0170323,0.999831,0.00692909,-0.999459,-0.0168301,-0.028262,
5471463,2766,2430,2407,2550,2193,2404,2443,1792,-0.0280296,-0.00747631,0.999579,-0.0169054,0.999833,0.00700415,-0.999464,-0.016702,-0.0281513,
5471623,2770,2437,2408,2552,2192,2401,2444,1793,-0.0279455,-0.00755994,0.999581,-0.0167863,0.999834,0.00709255,-0.999468,-0.016581,-0.0280678,
5471783,2768,2437,2413,2556,2193,2398,2443,1793,-0.0278536,-0.00756199,0.999583,-0.01675,0.999835,0.00709715,-0.999472,-0.0165454,-0.0279756,
5471969,2774,2439,2413,2557,2193,2397,2444,1793,-0.0277243,-0.00748508,0.999588,-0.0167756,0.999835,0.00702165,-0.999475,-0.016574,-0.0278453,
5472103,2774,2437,2413,2554,2193,2399,2443,1792,-0.0276325,-0.0074527,0.99959,-0.0167831,0.999835,0.00699057,-0.999477,-0.0165831,-0.027753,
5472263,2769,2445,2413,2552,2189,2399,2444,1792,-0.0275814,-0.00748258,0.999592,-0.0167516,0.999835,0.00702218,-0.999479,-0.0165511,-0.0277022,
5472423,2767,2437,2414,2549,2185,2395,2443,1793,-0.027638,-0.00758241,0.999589,-0.0167518,0.999834,0.0071211,-0.999478,-0.0165481,-0.0277604,
5472583,2765,2434,2410,2549,2188,2397,2444,1792,-0.0277069,-0.00772439,0.999586,-0.0167793,0.999833,0.0072612,-0.999475,-0.0165711,-0.0278319,
5472770,2767,2445,2414,2539,2186,2399,2443,1793,-0.027779,-0.00805137,0.999582,-0.016756,0.999831,0.00758772,-0.999474,-0.0165382,-0.0279092,
5472903,2772,2428,2407,2546,2190,2403,2444,1793,-0.0278132,-0.00831726,0.999579,-0.016675,0.99983,0.00785537,-0.999474,-0.0164495,-0.0279472,
5473063,2755,2437,2404,2551,2190,2401,2444,1792,-0.0277985,-0.00847023,0.999578,-0.0165552,0.999831,0.00801197,-0.999476,-0.0163255,-0.027934,
5473223,2767,2437,2407,2556,2189,2399,2443,1793,-0.0277909,-0.00848542,0.999578,-0.0164829,0.999832,0.00802931,-0.999478,-0.0162528,-0.0279261,
5473383,2771,2438,2406,2558,2189,2402,2443,1793,-0.0277967,-0.00840305,0.999578,-0.0163875,0.999834,0.00794949,-0.999479,-0.0161596,-0.0279298,
5473569,2773,2442,2403,2556,2190,2402,2444,1793,-0.0277912,-0.00830638,0.999579,-0.0162304,0.999837,0.00785728,-0.999482,-0.0160052,-0.0279215,
5473703,2768,2443,2409,2558,2191,2400,2444,1792,-0.0277621,-0.00823735,0.999581,-0.0161477,0.999839,0.007791,-0.999484,-0.0159246,-0.0278907,
5473863,2766,2451,2406,2560,2191,2398,2444,1793,-0.0277084,-0.00810061,0.999583,-0.0161079,0.999841,0.00765619,-0.999486,-0.0158891,-0.0278344,
5474023,2765,2451,2406,2559,2190,2400,2444,1793,-0.0276682,-0.0079499,0.999586,-0.0160638,0.999843,0.00750731,-0.999488,-0.0158494,-0.0277916,
5474183,2769,2449,2406,2556,2189,2401,2443,1793,-0.0276599,-0.00785374,0.999587,-0.0159714,0.999845,0.00741382,-0.99949,-0.0157598,-0.0277811,
5474369,2766,2440,2406,2553,2189,2400,2444,1793,-0.0276679,-0.0078387,0.999586,-0.0158645,0.999847,0.00740162,-0.999491,-0.0156532,-0.027788,
5474503,2766,2447,2406,2552,2186,2401,2444,1793,-0.0277092,-0.00787419,0.999585,-0.0157805,0.999848,0.00743881,-0.999491,-0.0155678,-0.0278293,
5474663,2769,2445,2411,2551,2189,2400,2443,1792,-0.027759,-0.00794433,0.999583,-0.0156816,0.999849,0.00751095,-0.999492,-0.0154665,-0.0278794,
5474823,2762,2442,2410,2553,2190,2400,2444,1793,-0.0277521,-0.00800117,0.999583,-0.0156113,0.999849,0.00756988,-0.999493,-0.0153947,-0.0278729,
5474983,2770,2447,2403,2554,2190,2398,2444,1793,-0.0277286,-0.00801701,0.999583,-0.0155716,0.99985,0.00758719,-0.999494,-0.0153547,-0.0278492,
5475169,2768,2445,2404,2558,2190,2394,2444,1793,-0.0276923,-0.00795671,0.999585,-0.0156227,0.99985,0.00752601,-0.999494,-0.0154078,-0.0278125,
5475303,2770,2443,2403,2559,2188,2394,2443,1793,-0.0276849,-0.00785594,0.999586,-0.0156989,0.999849,0.0074232,-0.999493,-0.0154869,-0.027804,
5475463,2766,2445,2407,2559,2189,2394,2444,1792,-0.0276896,-0.00772165,0.999587,-0.0157856,0.999849,0.0072864,-0.999492,-0.0155773,-0.0278073,
5475623,2760,2442,2405,2557,2190,2397,2444,1793,-0.0276703,-0.00761444,0.999588,-0.0158376,0.999849,0.00717801,-0.999492,-0.0156324,-0.0277867,
5475783,2760,2444,2400,2554,2191,2399,2444,1792,-0.0276298,-0.00757539,0.99959,-0.0158279,0.999849,0.00713985,-0.999493,-0.0156242,-0.0277455,
5475969,2768,2436,2408,2555,2190,2399,2443,1793,-0.0275858,-0.00756161,0.999591,-0.0157846,0.99985,0.00712797,-0.999495,-0.0155815,-0.027701,
5476103,2776,2434,2413,2555,2191,2398,2444,1792,-0.027553,-0.0075403,0.999592,-0.0157649,0.99985,0.0071077,-0.999496,-0.0155626,-0.0276677,
5476263,2769,2444,2409,2556,2189,2397,2444,1793,-0.0275253,-0.00750145,0.999593,-0.015766,0.999851,0.00706925,-0.999497,-0.015565,-0.0276394,
5476423,2767,2444,2411,2555,2189,2400,2443,1792,-0.0275274,-0.00746189,0.999593,-0.0157307,0.999852,0.00703062,-0.999497,-0.0155308,-0.0276407,
5476583,2766,2440,2411,2553,2189,2402,2444,1793,-0.0275355,-0.00746257,0.999593,-0.0156249,0.999853,0.0070341,-0.999499,-0.0154249,-0.0276481,
5476768,2771,2444,2413,2551,2187,2400,2443,1793,-0.027578,-0.00752739,0.999591,-0.0154972,0.999855,0.00710182,-0.9995,-0.0152951,-0.0276907,
5476903,2763,2441,2411,2552,2189,2400,2443,1793,-0.0276074,-0.00758689,0.99959,-0.0154291,0.999855,0.00716277,-0.9995,-0.015225,-0.0277205,
5477063,2767,2437,2409,2553,2188,2400,2443,1793,-0.027628,-0.00762971,0.999589,-0.0153507,0.999856,0.00720746,-0.9995,-0.0151452,-0.0277411,
5477223,2766,2436,2410,2552,2187,2398,2444,1794,-0.0276741,-0.00767294,0.999588,-0.0152938,0.999857,0.00725159,-0.9995,-0.0150869,-0.0277874,
5477383,2758,2437,2410,2552,2186,2398,2443,1792,-0.0277459,-0.00773047,0.999585,-0.0152593,0.999857,0.00730901,-0.999499,-0.0150501,-0.0278599,
5477570,2765,2434,2406,2552,2186,2397,2444,1793,-0.0278448,-0.00779794,0.999582,-0.0152315,0.999857,0.00737579,-0.999496,-0.0150197,-0.0279596,
5477703,2760,2440,2406,2553,2187,2398,2444,1793,-0.0279035,-0.00783445,0.99958,-0.0152142,0.999857,0.00741191,-0.999495,-0.015001,-0.0280187,
5477863,2767,2444,2405,2554,2190,2398,2444,1793,-0.0279193,-0.00785063,0.999579,-0.0151924,0.999857,0.00742847,-0.999495,-0.0149786,-0.0280345,
5478023,2764,2442,2404,2554,2192,2400,2443,1793,-0.0278678,-0.00785273,0.999581,-0.0151595,0.999857,0.00743227,-0.999497,-0.014946,-0.0279829,
5478183,2767,2436,2404,2554,2190,2399,2444,1793,-0.0278174,-0.00785455,0.999582,-0.0151121,0.999858,0.00743616,-0.999499,-0.0148989,-0.0279321,
5478369,2768,2439,2406,2555,2190,2399,2444,1793,-0.0277895,-0.00784068,0.999583,-0.0150644,0.999859,0.00742404,-0.9995,-0.0148518,-0.0279037,
5478503,2768,2443,2410,2557,2188,2399,2443,1792,-0.027792,-0.00779567,0.999583,-0.0150221,0.99986,0.00738016,-0.999501,-0.0148108,-0.0279052,
5478663,2769,2446,2410,2558,2189,2398,2444,1792,-0.027807,-0.00770048,0.999584,-0.0149804,0.999861,0.00728588,-0.999501,-0.0147715,-0.0279185,
5478823,2768,2440,2403,2555,2190,2400,2444,1793,-0.0277959,-0.00763292,0.999584,-0.0149329,0.999862,0.0072198,-0.999502,-0.014726,-0.0279061,
5478983,2767,2436,2407,2554,2189,2399,2443,1793,-0.0277868,-0.00762063,0.999585,-0.0148737,0.999863,0.00720929,-0.999503,-0.0146672,-0.0278963,
5479170,2769,2446,2406,2553,2188,2396,2443,1793,-0.027804,-0.00763987,0.999584,-0.0148651,0.999863,0.00722852,-0.999503,-0.014658,-0.0279138,
5479303,2765,2435,2402,2552,2186,2395,2444,1792,-0.0278476,-0.0076774,0.999583,-0.0148992,0.999863,0.00726447,-0.999501,-0.0146907,-0.0279581,
5479463,2774,2439,2403,2553,2187,2396,2444,1792,-0.0279138,-0.00772247,0.999581,-0.0149364,0.999862,0.00730754,-0.999499,-0.0147262,-0.0280253,
5479623,2765,2433,2403,2552,2189,2398,2443,1793,-0.0279418,-0.00776692,0.999579,-0.0149413,0.999861,0.00735145,-0.999498,-0.0147296,-0.0280539,
5479783,2772,2439,2404,2551,2191,2399,2444,1793,-0.027918,-0.00783858,0.999579,-0.0149189,0.999861,0.00742411,-0.999499,-0.0147053,-0.0280311,
5479969,2766,2431,2411,2553,2189,2398,2443,1793,-0.0278902,-0.00790575,0.99958,-0.014892,0.999861,0.00749245,-0.9995,-0.0146768,-0.0280041,
5480103,2763,2441,2411,2548,2191,2402,2444,1793,-0.0278734,-0.0079883,0.99958,-0.014838,0.999861,0.00757679,-0.999501,-0.0146205,-0.0279881,
5480263,2768,2436,2407,2549,2189,2402,2443,1793,-0.0278586,-0.00814127,0.999579,-0.0147182,0.999862,0.00773337,-0.999504,-0.0144965,-0.0279746,
5480423,2766,2443,2407,2548,2189,2404,2443,1792,-0.0278737,-0.0082935,0.999577,-0.014562,0.999863,0.00788981,-0.999505,-0.0143359,-0.0279907,
5480583,2775,2438,2405,2548,2188,2403,2445,1793,-0.027904,-0.00845926,0.999575,-0.0143882,0.999864,0.00806004,-0.999507,-0.0141572,-0.0280219,
5480769,2772,2436,2405,2548,2186,2400,2444,1793,-0.0279824,-0.008653,0.999571,-0.0142408,0.999865,0.00825687,-0.999507,-0.0140036,-0.0281018,
5480903,2771,2439,2414,2548,2188,2400,2444,1792,-0.0280362,-0.00879329,0.999568,-0.014171,0.999864,0.00839842,-0.999506,-0.0139294,-0.028157,
5481063,2763,2432,2410,2553,2189,2400,2443,1792,-0.0280577,-0.00889162,0.999567,-0.0140953,0.999865,0.00849861,-0.999507,-0.0138508,-0.0281793,
5481223,2771,2437,2414,2555,2189,2401,2443,1792,-0.028065,-0.00889253,0.999567,-0.0140041,0.999866,0.008502,-0.999508,-0.0137594,-0.0281857,
5481383,2766,2432,2418,2554,2187,2403,2444,1793,-0.0281029,-0.00887853,0.999566,-0.0138613,0.999868,0.0084915,-0.999509,-0.0136166,-0.0282222,
5481569,2771,2432,2416,2554,2185,2401,2444,1793,-0.0282116,-0.00887801,0.999563,-0.0136789,0.99987,0.00849467,-0.999508,-0.0134332,-0.0283294,
5481703,2776,2434,2410,2555,2184,2400,2444,1792,-0.0283218,-0.00886653,0.99956,-0.013574,0.999872,0.00848469,-0.999507,-0.0133277,-0.0284386,
5481863,2770,2437,2413,2556,2185,2397,2443,1793,-0.0284486,-0.00882622,0.999556,-0.0135054,0.999873,0.00844463,-0.999504,-0.0132592,-0.0285642,
5482023,2764,2438,2408,2555,2186,2397,2444,1793,-0.0285444,-0.00878695,0.999554,-0.0134878,0.999874,0.00840459,-0.999502,-0.0132418,-0.0286593,
5482183,2768,2445,2403,2553,2187,2399,2443,1794,-0.0286154,-0.0087889,0.999552,-0.0134505,0.999874,0.00840667,-0.9995,-0.0132039,-0.02873,
5482370,2769,2435,2403,2548,2187,2401,2444,1794,-0.0286891,-0.00890348,0.999549,-0.0133491,0.999875,0.00852323,-0.999499,-0.0130986,-0.0288044,
5482503,2770,2446,2399,2543,2181,2403,2444,1793,-0.0288161,-0.00909898,0.999543,-0.0132161,0.999875,0.00872098,-0.999497,-0.0129588,-0.0289328,
5482663,2761,2445,2402,2543,2186,2404,2444,1792,-0.0289873,-0.00940257,0.999536,-0.0130123,0.999875,0.00902839,-0.999495,-0.0127446,-0.029106,
5482823,2767,2438,2406,2545,2194,2404,2444,1793,-0.0289791,-0.00967916,0.999533,-0.0128407,0.999874,0.00931017,-0.999498,-0.0125649,-0.0290998,
5482983,2760,2442,2401,2551,2195,2403,2444,1793,-0.0288435,-0.00984571,0.999535,-0.0127112,0.999874,0.00948224,-0.999503,-0.0124318,-0.028965,
5483169,2757,2434,2403,2553,2193,2402,2443,1793,-0.0286972,-0.00991082,0.999539,-0.0125837,0.999875,0.00955287,-0.999509,-0.0123038,-0.0288183,
5483303,2769,2437,2403,2555,2192,2405,2444,1793,-0.0286277,-0.00991052,0.999541,-0.012456,0.999877,0.0095571,-0.999513,-0.0121767,-0.0287476,
5483463,2768,2430,2413,2557,2190,2404,2443,1793,-0.0285875,-0.00985379,0.999543,-0.0122608,0.99988,0.00950644,-0.999516,-0.0119834,-0.0287049,
5483623,2760,2439,2405,2564,2192,2403,2443,1793,-0.028543,-0.00967269,0.999546,-0.0120884,0.999883,0.00933076,-0.999519,-0.0118165,-0.0286566,
5483783,2761,2443,2414,2567,2193,2403,2444,1792,-0.0284536,-0.00935328,0.999551,-0.0119347,0.999888,0.0090167,-0.999524,-0.0116727,-0.0285621,
5483970,2771,2442,2409,2563,2191,2403,2444,1794,-0.0283655,-0.00899613,0.999557,-0.0117515,0.999893,0.00866567,-0.999529,-0.0115005,-0.0284682,
5484103,2767,2443,2411,2560,2191,2403,2444,1793,-0.0283271,-0.00882278,0.99956,-0.0116192,0.999896,0.00849647,-0.999531,-0.0113734,-0.0284267,
5484263,2769,2444,2414,2557,2189,2400,2444,1792,-0.0283068,-0.00869828,0.999561,-0.0115002,0.999899,0.00837554,-0.999533,-0.011258,-0.0284039,
5484423,2771,2445,2409,2557,2187,2398,2444,1793,-0.028337,-0.00861658,0.999561,-0.0114409,0.9999,0.00829515,-0.999533,-0.0112008,-0.0284328,
5484583,2765,2439,2409,2555,2185,2395,2443,1793,-0.0284177,-0.0085638,0.999559,-0.0114407,0.999901,0.00824146,-0.999531,-0.0112015,-0.0285128,
5484769,2761,2438,2409,2549,2184,2398,2443,1793,-0.0285618,-0.0086313,0.999555,-0.011434,0.9999,0.00830757,-0.999527,-0.0111916,-0.0286576,
5484903,2762,2440,2402,2546,2188,2400,2444,1793,-0.0286371,-0.00878355,0.999551,-0.0113828,0.999899,0.00846049,-0.999525,-0.0111354,-0.0287342,
5485063,2761,2434,2413,2544,2189,2403,2444,1793,-0.0286645,-0.00903367,0.999548,-0.0112712,0.999899,0.00871361,-0.999526,-0.0110164,-0.0287634,
5485223,2767,2435,2407,2547,2189,2403,2444,1792,-0.0286811,-0.00926909,0.999546,-0.0111191,0.999898,0.0089533,-0.999527,-0.0108573,-0.0287812,
5485383,2769,2438,2407,2550,2191,2403,2444,1793,-0.0286686,-0.00942136,0.999545,-0.0109703,0.999898,0.00911004,-0.999529,-0.0107041,-0.0287691,
5485569,2775,2437,2406,2551,2191,2400,2444,1793,-0.0286171,-0.00953504,0.999545,-0.0108532,0.999899,0.00922768,-0.999532,-0.0105842,-0.0287177,
5485703,2769,2439,2397,2552,2189,2401,2444,1793,-0.028601,-0.00959404,0.999545,-0.0107859,0.999899,0.00928881,-0.999533,-0.0105153,-0.0287015,
5485863,2761,2434,2408,2554,2192,2401,2443,1792,-0.0285683,-0.00962262,0.999546,-0.0106925,0.999899,0.00932042,-0.999535,-0.0104214,-0.0286683,
5486023,2764,2435,2410,2558,2193,2401,2443,1793,-0.0284788,-0.00956822,0.999549,-0.0106098,0.999901,0.0092693,-0.999538,-0.0103411,-0.0285775,
5486183,2765,2433,2409,2561,2193,2401,2444,1792,-0.0283739,-0.00941671,0.999553,-0.010526,0.999903,0.00912121,-0.999542,-0.0102625,-0.0284702,
5486369,2765,2434,2409,2559,2192,2401,2443,1794,-0.0282677,-0.00922436,0.999558,-0.0104236,0.999906,0.00893279,-0.999546,-0.0101665,-0.0283612,
5486503,2770,2449,2407,2559,2188,2402,2444,1793,-0.0282505,-0.00910846,0.999559,-0.0103233,0.999908,0.00881987,-0.999548,-0.0100696,-0.0283419,
5486663,2764,2450,2411,2558,2188,2402,2444,1793,-0.0282866,-0.00898335,0.999559,-0.010175,0.99991,0.00869856,-0.999548,-0.00992447,-0.0283755,
5486823,2768,2437,2404,2559,2189,2398,2444,1792,-0.0283046,-0.00885949,0.99956,-0.0100884,0.999912,0.00857694,-0.999548,-0.00984119,-0.0283915,
5486983,2774,2443,2406,2558,2189,2397,2444,1792,-0.0283032,-0.00873717,0.999561,-0.010078,0.999913,0.00845489,-0.999549,-0.00983425,-0.0283888,
5487168,2772,2446,2410,2554,2187,2397,2444,1793,-0.0283336,-0.00867618,0.999561,-0.0100781,0.999914,0.00839357,-0.999548,-0.00983585,-0.0284186,
5487303,2761,2442,2399,2554,2188,2399,2443,1793,-0.0283702,-0.00867797,0.99956,-0.0100529,0.999914,0.00839571,-0.999547,-0.0098103,-0.028455,
5487463,2763,2438,2404,2552,2188,2399,2444,1793,-0.0284022,-0.00870735,0.999559,-0.00999914,0.999915,0.00842632,-0.999547,-0.0097554,-0.0284869,
5487623,2770,2437,2403,2554,2189,2401,2444,1793,-0.0284226,-0.00873622,0.999558,-0.00992006,0.999915,0.00845726,-0.999547,-0.00967529,-0.0285069,
5487783,2772,2433,2402,2555,2189,2402,2444,1792,-0.0284318,-0.00872262,0.999558,-0.00979912,0.999916,0.00844702,-0.999548,-0.00955462,-0.0285149,
5487969,2766,2434,2407,2554,2189,2402,2444,1793,-0.0284437,-0.00870647,0.999557,-0.00964167,0.999918,0.00843525,-0.999549,-0.00939748,-0.0285253,
5488103,2775,2440,2407,2555,2189,2401,2443,1793,-0.0284513,-0.00869508,0.999557,-0.00954039,0.999919,0.00842667,-0.99955,-0.00929641,-0.028532,
5488263,2774,2441,2411,2556,2189,2399,2443,1793,-0.0284567,-0.0086546,0.999558,-0.00946158,0.99992,0.00838838,-0.99955,-0.00921868,-0.0285364,
5488423,2773,2442,2404,2559,2187,2397,2443,1793,-0.0284846,-0.0085596,0.999558,-0.00943063,0.999921,0.00829397,-0.99955,-0.00919021,-0.0285631,
5488583,2772,2436,2406,2558,2188,2397,2444,1793,-0.0285236,-0.00843734,0.999558,-0.00942361,0.999922,0.0081715,-0.999549,-0.00918636,-0.0286009,
5488769,2767,2436,2400,2556,2187,2400,2443,1793,-0.0285736,-0.0083426,0.999557,-0.00936726,0.999923,0.00807789,-0.999548,-0.0091323,-0.0286496,
5488903,2771,2437,2402,2556,2188,2401,2443,1793,-0.0286136,-0.00829661,0.999556,-0.00927924,0.999925,0.00803404,-0.999547,-0.00904524,-0.0286885,
