#Time,Accel_X,Accel_Y,Accel_Z,Gyro_X,Gyro_Y,Gyro_Z,Volt,Temp,RotMat[9]
3379783,2788,2397,2410,2559,2195,2394,2443,1767,-0.00644831,0,0.999979,0.0308015,0.999526,0.000198622,-0.999505,0.0308022,-0.00644525,
3379969,2783,2396,2408,2557,2197,2393,2443,1768,-0.00636553,0.000205431,0.99998,0.0306399,0.99953,-1.02958e-05,-0.99951,0.0306392,-0.00636883,
3380102,2787,2399,2415,2555,2195,2393,2444,1768,-0.00630415,0.00030018,0.99998,0.0305072,0.999535,-0.000107721,-0.999515,0.0305059,-0.00631037,
3380262,2774,2391,2413,2553,2196,2395,2444,1767,-0.00624835,0.000346365,0.99998,0.0303767,0.999539,-0.000156404,-0.999519,0.0303751,-0.00625599,
3380422,2791,2388,2410,2550,2198,2395,2444,1767,-0.00615423,0.000314851,0.999981,0.0302586,0.999542,-0.000128491,-0.999523,0.0302572,-0.00616094,
3380583,2783,2402,2403,2548,2197,2399,2443,1767,-0.0060537,0.000199508,0.999982,0.0301907,0.999544,-1.66513e-05,-0.999526,0.0301901,-0.00605696,
3380768,2785,2398,2408,2546,2196,2402,2444,1767,-0.00598806,-2.00609e-05,0.999982,0.0302391,0.999543,0.000201129,-0.999525,0.0302398,-0.00598472,
3380903,2784,2391,2399,2545,2195,2404,2443,1768,-0.00597296,-0.000228314,0.999982,0.0303419,0.999539,0.000409447,-0.999522,0.0303439,-0.00596328,
3381063,2788,2398,2415,2542,2194,2403,2444,1768,-0.00598499,-0.00054328,0.999982,0.0304815,0.999535,0.000725472,-0.999517,0.0304853,-0.00596565,
3381222,2784,2411,2403,2540,2197,2401,2443,1767,-0.00596187,-0.000929118,0.999982,0.0305604,0.999532,0.0011109,-0.999515,0.0305665,-0.00593069,
3381382,2781,2400,2402,2538,2199,2401,2444,1768,-0.0058634,-0.00137132,0.999982,0.030585,0.999531,0.00155004,-0.999515,0.0305935,-0.00581871,
3381569,2771,2399,2406,2538,2199,2400,2443,1768,-0.00571257,-0.00192056,0.999982,0.0305839,0.99953,0.00209441,-0.999516,0.0305953,-0.00565115,
3381702,2776,2401,2407,2540,2199,2400,2444,1768,-0.00560362,-0.00228364,0.999982,0.0305727,0.99953,0.00245392,-0.999517,0.0305859,-0.00553117,
3381863,2776,2409,2412,2547,2199,2402,2443,1768,-0.00547728,-0.00258084,0.999982,0.0306019,0.999528,0.00274728,-0.999517,0.0306163,-0.00539572,
3382023,2780,2397,2411,2553,2199,2404,2443,1767,-0.00536221,-0.00267325,0.999982,0.0307091,0.999524,0.0028367,-0.999514,0.0307238,-0.00527757,
3382183,2781,2394,2411,2554,2199,2404,2443,1767,-0.00525244,-0.00265622,0.999983,0.0308562,0.99952,0.00281706,-0.99951,0.0308704,-0.00516796,
3382368,2778,2397,2411,2555,2197,2404,2443,1767,-0.0051583,-0.00260312,0.999983,0.0310381,0.999514,0.002762,-0.999505,0.0310518,-0.005075,
3382503,2780,2401,2412,2555,2199,2403,2443,1767,-0.0050878,-0.00254988,0.999984,0.031159,0.999511,0.00270721,-0.999501,0.0311723,-0.00500586,
3382662,2768,2397,2413,2554,2197,2401,2444,1768,-0.00499794,-0.00249949,0.999984,0.0312546,0.999508,0.00265451,-0.999499,0.0312674,-0.00491736,
3382822,2778,2402,2407,2551,2198,2401,2444,1767,-0.00491663,-0.00251182,0.999985,0.0313188,0.999506,0.0026646,-0.999497,0.0313315,-0.00483553,
3382983,2770,2405,2405,2551,2199,2402,2443,1768,-0.00480842,-0.00257061,0.999985,0.0313872,0.999504,0.0027203,-0.999496,0.0313998,-0.00472535,
3383169,2782,2405,2406,2549,2203,2401,2444,1769,-0.00460138,-0.00266682,0.999986,0.031441,0.999502,0.00281021,-0.999495,0.0314535,-0.00451524,
3383303,2788,2407,2410,2550,2207,2402,2443,1767,-0.00435786,-0.0027393,0.999987,0.0314532,0.999501,0.00287504,-0.999496,0.0314653,-0.00426953,
3383463,2783,2404,2410,2549,2208,2403,2443,1768,-0.00400124,-0.00282063,0.999988,0.0314794,0.9995,0.00294522,-0.999496,0.0314908,-0.00391045,
3383622,2783,2401,2414,2549,2207,2401,2443,1767,-0.0036445,-0.00291613,0.999989,0.0314889,0.9995,0.00302947,-0.999497,0.0314996,-0.00355085,
3383782,2790,2402,2419,2550,2201,2400,2443,1768,-0.00337736,-0.00300329,0.99999,0.0314807,0.9995,0.00310814,-0.999499,0.0314908,-0.00328113,
3383968,2788,2395,2419,2553,2197,2401,2443,1768,-0.00323092,-0.00304812,0.99999,0.0315213,0.999498,0.00314847,-0.999498,0.0315312,-0.00313322,
3384102,2780,2401,2423,2553,2192,2401,2443,1767,-0.00323366,-0.00305286,0.99999,0.0315953,0.999496,0.00315352,-0.999496,0.0316051,-0.00313557,
3384262,2779,2393,2422,2555,2189,2402,2443,1767,-0.00335198,-0.00304002,0.99999,0.0317318,0.999491,0.00314487,-0.999491,0.031742,-0.00325381,
3384423,2782,2400,2426,2554,2188,2403,2444,1767,-0.00353233,-0.00301962,0.999989,0.0319165,0.999486,0.00313084,-0.999484,0.0319272,-0.00343414,
3384583,2784,2398,2416,2554,2190,2402,2443,1767,-0.00369737,-0.00301377,0.999989,0.032095,0.99948,0.00313091,-0.999478,0.0321062,-0.00359872,
3384769,2780,2398,2415,2555,2187,2402,2443,1768,-0.0039031,-0.00298872,0.999988,0.0322906,0.999474,0.00311321,-0.999471,0.0323024,-0.00380453,
3384902,2779,2402,2413,2556,2186,2402,2443,1767,-0.00409717,-0.00294929,0.999987,0.0324453,0.999469,0.0030807,-0.999465,0.0324576,-0.0039993,
3385062,2776,2390,2407,2554,2186,2403,2444,1768,-0.00434685,-0.00292053,0.999986,0.0326492,0.999462,0.00306092,-0.999457,0.0326621,-0.00424916,
3385223,2775,2398,2407,2551,2187,2403,2443,1768,-0.00458563,-0.00297161,0.999985,0.0328592,0.999455,0.00312072,-0.999449,0.032873,-0.00448549,
3385383,2783,2400,2410,2549,2189,2404,2443,1768,-0.00478244,-0.00309886,0.999984,0.0330652,0.999448,0.00325534,-0.999442,0.0330802,-0.00467733,
3385568,2779,2404,2408,2548,2191,2407,2443,1769,-0.00495501,-0.00329989,0.999982,0.0333518,0.999438,0.00346335,-0.999431,0.0333683,-0.00484217,
3385703,2770,2405,2406,2551,2194,2408,2444,1767,-0.00502943,-0.00341723,0.999982,0.0335987,0.999429,0.00358432,-0.999423,0.0336161,-0.00491175,
3385862,2779,2401,2400,2552,2195,2409,2444,1767,-0.00506612,-0.00348823,0.999981,0.03391,0.999418,0.00365806,-0.999412,0.0339279,-0.00494489,
3386022,2774,2408,2408,2552,2197,2409,2445,1768,-0.00506322,-0.00354032,0.999981,0.0342285,0.999407,0.0037116,-0.999401,0.0342466,-0.00493903,
3386183,2771,2404,2411,2552,2198,2406,2443,1768,-0.00501099,-0.00358453,0.999981,0.0344915,0.999398,0.00375528,-0.999392,0.0345096,-0.00488433,
3386369,2770,2406,2407,2553,2198,2400,2443,1767,-0.00491072,-0.00360269,0.999981,0.0346328,0.999393,0.00377064,-0.999388,0.0346506,-0.00478297,
3386503,2773,2410,2412,2552,2199,2396,2443,1768,-0.00480773,-0.00360441,0.999982,0.0346036,0.999394,0.00376865,-0.99939,0.0346211,-0.00468009,
3386663,2774,2408,2411,2553,2197,2391,2443,1767,-0.00467844,-0.00359711,0.999983,0.0344351,0.9994,0.00375612,-0.999396,0.0344521,-0.00455176,
3386822,2785,2406,2417,2552,2196,2392,2443,1767,-0.00458291,-0.0035896,0.999983,0.0342184,0.999407,0.00374435,-0.999404,0.034235,-0.00445736,
3386982,2783,2409,2410,2554,2193,2393,2444,1767,-0.00454771,-0.00357457,0.999983,0.0340472,0.999413,0.00372737,-0.99941,0.0340636,-0.00442334,
3387168,2773,2395,2411,2554,2194,2396,2444,1768,-0.00455033,-0.00352913,0.999983,0.0339311,0.999417,0.00368153,-0.999414,0.0339473,-0.00442793,
3387302,2771,2399,2417,2555,2193,2398,2443,1767,-0.00456179,-0.00348807,0.999984,0.0339125,0.999418,0.00364081,-0.999414,0.0339285,-0.00444085,
3387463,2781,2402,2410,2558,2197,2399,2443,1767,-0.00454037,-0.00337347,0.999984,0.03393,0.999418,0.00352562,-0.999414,0.0339455,-0.00442327,
3387623,2778,2403,2408,2560,2199,2401,2443,1768,-0.004442,-0.00317417,0.999985,0.0339772,0.999417,0.0033233,-0.999413,0.0339914,-0.00433157,
3387782,2775,2398,2413,2559,2199,2402,2443,1767,-0.00432311,-0.00296082,0.999986,0.0340633,0.999415,0.00310639,-0.99941,0.0340762,-0.00421973,
3387969,2773,2403,2413,2556,2198,2399,2444,1768,-0.00419391,-0.00278355,0.999987,0.0341271,0.999413,0.00292508,-0.999409,0.0341389,-0.00409646,
3388102,2781,2403,2414,2555,2195,2396,2444,1768,-0.00413719,-0.00270962,0.999988,0.0341046,0.999414,0.00284916,-0.99941,0.0341159,-0.00404236,
3388262,2774,2405,2418,2554,2194,2392,2444,1766,-0.00410925,-0.00265023,0.999988,0.0339831,0.999419,0.00278837,-0.999414,0.0339942,-0.0040168,
3388423,2775,2400,2419,2557,2193,2389,2443,1768,-0.00409385,-0.00255283,0.999988,0.0337637,0.999426,0.00268962,-0.999421,0.0337743,-0.0040053,
3388582,2781,2402,2413,2557,2192,2389,2443,1767,-0.00410026,-0.00240841,0.999989,0.033513,0.999435,0.00254449,-0.99943,0.0335231,-0.00401723,
3388768,2786,2397,2416,2557,2190,2392,2444,1768,-0.00416471,-0.00224906,0.999989,0.0332863,0.999443,0.00238646,-0.999437,0.0332958,-0.00408753,
3388902,2784,2400,2407,2559,2192,2393,2444,1767,-0.00421886,-0.00211157,0.999989,0.0331762,0.999447,0.00225039,-0.999441,0.0331854,-0.00414648,
3389063,2780,2398,2413,2560,2191,2397,2443,1768,-0.00428141,-0.00190272,0.999989,0.0331211,0.999449,0.0020435,-0.999442,0.0331294,-0.00421603,
3389223,2779,2391,2411,2559,2191,2397,2443,1767,-0.00436659,-0.00170155,0.999989,0.0331311,0.999449,0.0018453,-0.999441,0.0331388,-0.00430781,
3389382,2777,2401,2411,2557,2193,2397,2443,1768,-0.00442294,-0.00154623,0.999989,0.0331295,0.99945,0.00169193,-0.999441,0.0331367,-0.00436928,
3389569,2774,2403,2409,2555,2193,2399,2443,1768,-0.00446104,-0.00143753,0.999989,0.0331483,0.999449,0.00158463,-0.99944,0.0331551,-0.00441093,
3389702,2770,2398,2418,2554,2193,2399,2444,1767,-0.00449157,-0.00140207,0.999989,0.0331838,0.999448,0.00155036,-0.999439,0.0331904,-0.00444256,
3389863,2779,2402,2411,2554,2193,2399,2443,1767,-0.00452841,-0.00137522,0.999989,0.0332254,0.999447,0.00152493,-0.999438,0.0332319,-0.00448021,
3390023,2775,2404,2400,2552,2192,2401,2443,1767,-0.00458333,-0.00138444,0.999989,0.0332984,0.999444,0.00153631,-0.999435,0.0333051,-0.00453468,
3390182,2781,2401,2411,2553,2191,2401,2443,1767,-0.00467018,-0.00141491,0.999988,0.0334076,0.999441,0.00157015,-0.999431,0.0334145,-0.0046203,
3390368,2781,2408,2406,2552,2190,2400,2444,1768,-0.00480189,-0.00145267,0.999987,0.0335264,0.999437,0.00161287,-0.999426,0.0335338,-0.00475048,
3390502,2775,2407,2413,2554,2192,2397,2443,1767,-0.00487762,-0.00146118,0.999987,0.0335588,0.999435,0.00162407,-0.999425,0.0335663,-0.00482583,
3390662,2782,2400,2407,2556,2194,2394,2444,1767,-0.00489883,-0.0013941,0.999987,0.0334959,0.999438,0.00155743,-0.999427,0.0335031,-0.00484938,
3390822,2785,2401,2402,2556,2193,2394,2443,1767,-0.00489952,-0.00128993,0.999987,0.033386,0.999441,0.0014528,-0.999431,0.0333927,-0.00485372,
3390983,2779,2400,2406,2555,2194,2394,2443,1768,-0.00490011,-0.00120118,0.999987,0.0332742,0.999445,0.00136358,-0.999434,0.0332804,-0.00485743,
3391169,2767,2395,2402,2551,2197,2398,2443,1768,-0.00484512,-0.00119003,0.999988,0.0331905,0.999448,0.0013502,-0.999437,0.0331966,-0.00480294,
3391303,2779,2405,2400,2550,2198,2399,2443,1767,-0.00476724,-0.00124884,0.999988,0.0331758,0.999449,0.00140633,-0.999438,0.0331821,-0.00472318,
3391462,2771,2402,2407,2552,2201,2402,2444,1767,-0.00462791,-0.00130148,0.999988,0.0332052,0.999447,0.00145445,-0.999438,0.0332115,-0.00458214,
3391622,2774,2410,2406,2556,2202,2402,2443,1768,-0.0044388,-0.00125611,0.999989,0.0332733,0.999445,0.00140313,-0.999436,0.0332791,-0.00439454,
3391782,2777,2406,2408,2561,2202,2403,2443,1768,-0.00423885,-0.00106664,0.99999,0.0333647,0.999443,0.00120749,-0.999434,0.0333695,-0.0042009,
3391968,2772,2408,2412,2560,2202,2400,2443,1767,-0.00400172,-0.000769283,0.999992,0.0334415,0.99944,0.000902684,-0.999433,0.0334449,-0.00397375,
3392103,2781,2408,2405,2560,2199,2397,2443,1767,-0.00385386,-0.000564641,0.999992,0.0334285,0.999441,0.000693159,-0.999434,0.0334309,-0.00383283,
3392263,2778,2404,2413,2557,2197,2393,2443,1768,-0.00373309,-0.000369127,0.999993,0.0333214,0.999445,0.000493317,-0.999438,0.033323,-0.00371872,
3392423,2781,2401,2413,2556,2196,2394,2443,1767,-0.00364743,-0.000238433,0.999993,0.0331746,0.99945,0.000359306,-0.999443,0.0331757,-0.00363751,
3392582,2779,2401,2413,2554,2196,2394,2443,1767,-0.00357816,-0.000158915,0.999994,0.0330437,0.999454,0.000277066,-0.999448,0.0330445,-0.00357095,
3392769,2780,2397,2413,2554,2193,2395,2444,1767,-0.00354832,-0.000109533,0.999994,0.032918,0.999458,0.000226278,-0.999452,0.0329186,-0.00354279,
3392902,2779,2399,2411,2553,2193,2398,2443,1768,-0.00356942,-9.55804e-05,0.999994,0.0328879,0.999459,0.000212921,-0.999453,0.0328884,-0.00356435,
3393062,2775,2399,2412,2550,2193,2401,2443,1768,-0.00360765,-0.000150048,0.999993,0.0329379,0.999457,0.000268797,-0.999451,0.0329387,-0.00360075,
3393222,2771,2393,2402,2551,2195,2405,2443,1768,-0.00363303,-0.000241973,0.999993,0.0330845,0.999452,0.00036204,-0.999446,0.0330856,-0.00362304,
3393383,2780,2406,2402,2552,2197,2407,2444,1767,-0.00361558,-0.000303549,0.999993,0.0333115,0.999445,0.000423824,-0.999438,0.0333128,-0.00360347,
3393568,2775,2410,2405,2551,2200,2410,2443,1769,-0.00352708,-0.000372561,0.999994,0.0336384,0.999434,0.000490999,-0.999428,0.0336399,-0.00351255,
3393703,2783,2410,2411,2550,2203,2409,2444,1767,-0.00339488,-0.000444234,0.999994,0.0338811,0.999426,0.000559005,-0.99942,0.0338828,-0.00337788,
3393863,2777,2405,2404,2550,2204,2406,2443,1768,-0.00317299,-0.000534172,0.999995,0.0340911,0.999419,0.000642035,-0.999414,0.034093,-0.00315294,
3394022,2776,2405,2405,2549,2202,2402,2444,1766,-0.00295093,-0.000632411,0.999995,0.0341961,0.999415,0.000732954,-0.999411,0.0341981,-0.00292758,
3394182,2777,2418,2408,2548,2200,2399,2443,1768,-0.00276797,-0.000760716,0.999996,0.0342075,0.999414,0.00085496,-0.999411,0.0342097,-0.00274032,
3394369,2775,2409,2409,2551,2199,2396,2443,1768,-0.0025881,-0.000870021,0.999996,0.0341303,0.999417,0.00095785,-0.999414,0.0341326,-0.00255689,
3394502,2777,2409,2408,2552,2200,2395,2444,1768,-0.00245314,-0.000890507,0.999997,0.034029,0.99942,0.000973472,-0.999418,0.0340313,-0.00242142,
3394662,2777,2416,2408,2553,2202,2394,2443,1768,-0.00224438,-0.000876081,0.999997,0.0338678,0.999426,0.000951593,-0.999424,0.0338699,-0.00221342,
3394823,2779,2409,2411,2553,2203,2393,2443,1767,-0.0019875,-0.000838297,0.999998,0.0336647,0.999433,0.000904732,-0.999431,0.0336664,-0.00195815,
3394983,2773,2407,2411,2553,2202,2394,2443,1768,-0.00173223,-0.000800696,0.999998,0.0334628,0.99944,0.000858214,-0.999438,0.0334642,-0.00170446,
3395168,2777,2405,2410,2552,2203,2393,2443,1768,-0.00143694,-0.000775622,0.999999,0.0332278,0.999447,0.000822941,-0.999447,0.033229,-0.00141038,
3395303,2789,2397,2417,2555,2202,2391,2443,1768,-0.00121604,-0.00072714,0.999999,0.03302,0.999454,0.000766898,-0.999454,0.0330209,-0.00119137,
3395462,2783,2403,2414,2554,2201,2389,2443,1768,-0.00097523,-0.000636269,0.999999,0.0327246,0.999464,0.000667843,-0.999464,0.0327252,-0.000953885,
3395622,2778,2392,2414,2555,2200,2391,2443,1767,-0.000761054,-0.000547845,1,0.032435,0.999474,0.000572242,-0.999474,0.0324355,-0.000742884,
3395783,2779,2391,2410,2558,2196,2394,2443,1768,-0.000627924,-0.000408679,1,0.032245,0.99948,0.000428714,-0.99948,0.0322453,-0.000614419,
3395969,2781,2389,2411,2558,2198,2396,2443,1768,-0.000520107,-0.000203146,1,0.0321278,0.999484,0.000219751,-0.999484,0.0321279,-0.000513312,
3396103,2782,2392,2410,2561,2197,2399,2443,1768,-0.000440208,-1.89697e-05,1,0.0321074,0.999484,3.30939e-05,-0.999484,0.0321074,-0.000439372,
3396262,2772,2393,2409,2558,2200,2401,2443,1768,-0.000328433,0.000196307,1,0.0321514,0.999483,-0.000185646,-0.999483,0.0321513,-0.000334575,
3396422,2772,2391,2408,2554,2202,2402,2444,1767,-0.000151508,0.000305008,1,0.032213,0.999481,-0.00029997,-0.999481,0.032213,-0.000161255,
3396583,2778,2392,2407,2551,2204,2403,2443,1768,7.94413e-05,0.000305509,1,0.032281,0.999479,-0.000307914,-0.999479,0.032281,6.95378e-05,
3396768,2784,2397,2406,2547,2202,2402,2444,1768,0.000345697,0.00017679,1,0.0323484,0.999477,-0.00018788,-0.999477,0.0323484,0.000339797,
3396903,2786,2396,2407,2549,2203,2402,2443,1768,0.000530173,5.56798e-05,1,0.0323857,0.999475,-7.28206e-05,-0.999475,0.0323857,0.000528091,
3397062,2779,2398,2410,2548,2203,2402,2443,1767,0.000761301,-6.95624e-05,1,0.0324272,0.999474,4.48389e-05,-0.999474,0.0324271,0.000763157,
3397222,2782,2400,2409,2545,2203,2404,2443,1768,0.000989889,-0.000262074,0.999999,0.0324942,0.999472,0.00022977,-0.999471,0.0324939,0.000997882,
3397382,2781,2405,2403,2545,2204,2404,2443,1767,0.00122842,-0.000503561,0.999999,0.032584,0.999469,0.000463268,-0.999468,0.0325834,0.00124417,
3397567,2779,2400,2401,2547,2204,2403,2443,1768,0.00152276,-0.000742582,0.999999,0.0326689,0.999466,0.000692439,-0.999465,0.0326678,0.00154621,
3397703,2779,2405,2404,2548,2207,2401,2444,1767,0.00178038,-0.000870302,0.999998,0.032686,0.999465,0.000811644,-0.999464,0.0326845,0.00180788,
3397863,2776,2407,2410,2549,2207,2398,2443,1767,0.00213656,-0.000977413,0.999997,0.032621,0.999467,0.000907199,-0.999466,0.032619,0.00216731,
3398022,2779,2402,2409,2553,2205,2397,2444,1768,0.00247086,-0.00100234,0.999996,0.0325099,0.999471,0.000921487,-0.999468,0.0325075,0.00250214,
3398182,2775,2405,2413,2555,2203,2398,2443,1767,0.00275033,-0.0009378,0.999996,0.0324214,0.999474,0.000848141,-0.999471,0.0324189,0.00277929,
3398368,2783,2400,2412,2557,2201,2398,2444,1768,0.00300671,-0.000797265,0.999995,0.0323601,0.999476,0.000699553,-0.999472,0.0323578,0.00303093,
3398502,2784,2399,2410,2557,2201,2397,2443,1767,0.00316952,-0.00067076,0.999995,0.0323117,0.999478,0.000568,-0.999473,0.0323098,0.00318954,
3398663,2783,2395,2409,2555,2199,2396,2443,1768,0.00334153,-0.000551347,0.999994,0.0322279,0.99948,0.000443373,-0.999475,0.0322262,0.00335756,
3398823,2775,2399,2411,2554,2198,2397,2444,1768,0.00347061,-0.000485241,0.999994,0.0321521,0.999483,0.000373405,-0.999477,0.0321506,0.00348441,
3398982,2779,2401,2405,2553,2198,2400,2443,1767,0.00357631,-0.000458124,0.999994,0.0321387,0.999483,0.000342952,-0.999477,0.0321372,0.00358918,
3399169,2784,2399,2406,2553,2200,2400,2443,1768,0.00372585,-0.000445933,0.999993,0.0321659,0.999482,0.000325859,-0.999476,0.0321645,0.00373826,
3399302,2785,2400,2408,2553,2199,2401,2443,1767,0.00384205,-0.000437081,0.999993,0.0321948,0.999482,0.000313163,-0.999474,0.0321933,0.00385413,
3399462,2774,2400,2413,2553,2199,2400,2443,1767,0.00396778,-0.000427995,0.999992,0.0322333,0.99948,0.00029988,-0.999472,0.0322319,0.00397951,
3399623,2781,2404,2408,2552,2201,2397,2444,1768,0.00413163,-0.000426385,0.999991,0.0322016,0.999481,0.000293121,-0.999473,0.0322002,0.00414322,
3399783,2778,2410,2407,2551,2202,2398,2443,1768,0.0043413,-0.000449338,0.99999,0.0321255,0.999484,0.000309643,-0.999474,0.0321238,0.0043535,
3399968,2779,2404,2409,2549,2203,2400,2443,1768,0.00460895,-0.000532307,0.999989,0.0320769,0.999485,0.000384196,-0.999475,0.0320748,0.00462365,
3400103,2787,2409,2408,2551,2202,2400,2443,1767,0.00480052,-0.000595127,0.999988,0.0320672,0.999486,0.000440886,-0.999474,0.0320648,0.00481713,
3400262,2778,2400,2420,2552,2202,2402,2443,1767,0.00500742,-0.000625761,0.999987,0.032094,0.999485,0.000464737,-0.999472,0.0320913,0.00502492,
3400422,2776,2401,2418,2552,2201,2401,2443,1767,0.00519923,-0.000643551,0.999986,0.0321413,0.999483,0.000476114,-0.99947,0.0321384,0.00521723,
3400582,2776,2403,2411,2550,2201,2402,2443,1768,0.00537721,-0.000694843,0.999985,0.0321898,0.999482,0.000521399,-0.999467,0.0321866,0.00539679,
3400769,2774,2408,2412,2546,2197,2401,2444,1768,0.00552024,-0.000874071,0.999984,0.0322552,0.999479,0.000695571,-0.999464,0.0322508,0.00554555,
3400903,2780,2407,2410,2547,2197,2403,2444,1768,0.00557402,-0.001049,0.999984,0.0323243,0.999477,0.000868291,-0.999462,0.0323189,0.00560501,
3401063,2775,2412,2407,2549,2194,2400,2443,1767,0.00559793,-0.00121331,0.999984,0.032407,0.999474,0.00103128,-0.999459,0.0324007,0.00563431,
3401222,2776,2416,2405,2550,2195,2396,2443,1768,0.00560891,-0.00132262,0.999983,0.0323945,0.999475,0.00114025,-0.999459,0.0323876,0.00564881,
3401382,2779,2406,2402,2549,2197,2392,2443,1768,0.00568002,-0.001417,0.999983,0.0322484,0.999479,0.00123311,-0.999464,0.0322408,0.00572276,
3401568,2781,2398,2408,2545,2199,2391,2444,1768,0.00584176,-0.00160424,0.999982,0.0319643,0.999488,0.00141672,-0.999472,0.0319554,0.00589004,
3401702,2772,2398,2407,2545,2202,2390,2443,1767,0.00602134,-0.00178372,0.99998,0.0317137,0.999496,0.00159189,-0.999479,0.0317034,0.00607487,
3401863,2782,2399,2403,2547,2203,2392,2444,1767,0.0062913,-0.00196222,0.999978,0.0314152,0.999505,0.00176365,-0.999487,0.0314035,0.00634983,
3402023,2774,2393,2417,2550,2203,2395,2444,1767,0.00656191,-0.00206505,0.999976,0.0311979,0.999511,0.00185936,-0.999492,0.0311849,0.00662313,
3402183,2783,2387,2411,2550,2202,2399,2444,1767,0.00680242,-0.00213118,0.999975,0.0310952,0.999515,0.00191867,-0.999493,0.0310813,0.00686539,
3402369,2782,2398,2411,2550,2198,2398,2444,1768,0.00699243,-0.002222,0.999973,0.0310512,0.999516,0.00200385,-0.999493,0.0310363,0.00705804,
3402503,2782,2400,2414,2552,2197,2398,2444,1768,0.0070721,-0.0022661,0.999972,0.0310248,0.999517,0.00204565,-0.999494,0.0310095,0.00713899,
3402662,2780,2400,2412,2553,2192,2397,2443,1768,0.00708466,-0.00227884,0.999972,0.0310051,0.999517,0.00205813,-0.999494,0.0309896,0.00715189,
3402822,2775,2393,2411,2555,2188,2395,2443,1768,0.00697707,-0.00225375,0.999973,0.0309776,0.999518,0.00203658,-0.999496,0.0309626,0.00704352,
3402982,2776,2397,2415,2555,2185,2395,2443,1767,0.00677527,-0.00220496,0.999975,0.0309489,0.999519,0.00199426,-0.999498,0.0309347,0.00684025,
3403168,2783,2389,2406,2555,2185,2395,2443,1768,0.00649162,-0.00215373,0.999977,0.0309289,0.99952,0.00195196,-0.999501,0.0309155,0.00655511,
3403302,2777,2391,2408,2555,2185,2398,2443,1768,0.00628163,-0.00212027,0.999978,0.0309528,0.999519,0.00192486,-0.999501,0.03094,0.00634423,
3403463,2782,2389,2400,2555,2191,2401,2444,1767,0.00610072,-0.00207889,0.999979,0.0310507,0.999516,0.0018885,-0.999499,0.0310386,0.00616232,
3403623,2776,2402,2400,2552,2196,2403,2443,1768,0.00606481,-0.00207528,0.999979,0.0311785,0.999512,0.00188521,-0.999495,0.0311665,0.00612655,
3403783,2772,2396,2403,2550,2199,2404,2443,1767,0.00613526,-0.00214307,0.999979,0.031315,0.999508,0.00194993,-0.999491,0.0313024,0.00619935,
3403969,2784,2397,2404,2547,2198,2405,2444,1767,0.00624528,-0.00231424,0.999978,0.0314927,0.999502,0.00211645,-0.999484,0.0314788,0.00631505,
3404103,2782,2404,2397,2547,2197,2405,2443,1767,0.00629936,-0.00248144,0.999977,0.0316365,0.999497,0.00228096,-0.99948,0.0316214,0.00637469,
3404263,2779,2407,2406,2549,2195,2404,2443,1768,0.00632372,-0.0026525,0.999976,0.0318071,0.999491,0.00245007,-0.999474,0.0317908,0.00640486,
3404422,2778,2402,2405,2549,2197,2402,2443,1767,0.00635439,-0.00278666,0.999976,0.0319337,0.999487,0.00258237,-0.99947,0.0319165,0.00644011,
3404582,2782,2408,2405,2548,2196,2402,2443,1768,0.00640393,-0.00293331,0.999975,0.0320254,0.999483,0.00272678,-0.999467,0.0320071,0.00649456,
3404768,2775,2408,2410,2546,2199,2402,2444,1768,0.00649461,-0.00315583,0.999974,0.0321186,0.99948,0.00294567,-0.999463,0.0320987,0.00659259,
3404902,2779,2405,2407,2548,2200,2401,2443,1767,0.00660896,-0.00330974,0.999973,0.0321603,0.999478,0.00309555,-0.999461,0.032139,0.00671195,
3405063,2775,2410,2409,2549,2199,2400,2443,1768,0.00675056,-0.00344369,0.999971,0.0321837,0.999477,0.00322472,-0.999459,0.032161,0.00685786,
3405223,2779,2409,2408,2552,2198,2400,2443,1767,0.00686493,-0.00351472,0.99997,0.0322045,0.999476,0.00329189,-0.999458,0.032181,0.00697452,
3405382,2771,2417,2411,2551,2200,2399,2444,1767,0.0069946,-0.00355064,0.999969,0.0322089,0.999476,0.00332359,-0.999457,0.0321847,0.00710529,
3405569,2774,2409,2412,2551,2199,2399,2444,1768,0.00716633,-0.00360808,0.999968,0.0321903,0.999476,0.00337562,-0.999456,0.0321651,0.00727872,
3405702,2781,2405,2405,2552,2201,2397,2444,1768,0.00730384,-0.00363205,0.999967,0.0321497,0.999477,0.00339545,-0.999456,0.0321238,0.00741679,
3405862,2779,2401,2411,2554,2197,2395,2443,1767,0.00744983,-0.00361057,0.999966,0.0320512,0.999481,0.00337003,-0.999458,0.032025,0.00756169,
3406023,2778,2399,2407,2555,2193,2395,2443,1767,0.00748766,-0.00355061,0.999966,0.031956,0.999484,0.00330962,-0.999461,0.0319301,0.00759726,
3406183,2782,2403,2410,2554,2190,2395,2443,1767,0.00742674,-0.00350205,0.999966,0.0318878,0.999486,0.00326353,-0.999464,0.0318625,0.0075346,
3406368,2782,2407,2403,2551,2190,2396,2443,1767,0.0073054,-0.00352679,0.999967,0.0318337,0.999488,0.00329253,-0.999466,0.0318086,0.00741393,
3406503,2781,2405,2402,2549,2191,2397,2443,1767,0.00722539,-0.0036132,0.999967,0.0318112,0.999488,0.00338162,-0.999468,0.0317857,0.00733664,
3406662,2779,2398,2408,2546,2193,2400,2443,1766,0.00716468,-0.00379513,0.999967,0.0318274,0.999487,0.00356527,-0.999468,0.0318009,0.0072818,
3406822,2776,2404,2409,2545,2194,2400,2443,1767,0.00713945,-0.0040415,0.999966,0.0318729,0.999485,0.00381199,-0.999466,0.0318447,0.00726459,
3406982,2783,2406,2405,2546,2197,2401,2443,1767,0.00716824,-0.00428298,0.999965,0.0319186,0.999482,0.0040521,-0.999465,0.0318884,0.00730124,
3407169,2778,2410,2402,2545,2199,2400,2444,1768,0.00728413,-0.00455602,0.999963,0.0319499,0.99948,0.00432108,-0.999463,0.0319172,0.00742591,
3407302,2775,2406,2406,2547,2196,2400,2444,1767,0.00735665,-0.0047371,0.999962,0.0319637,0.999479,0.00449966,-0.999462,0.0319294,0.00750423,
3407463,2777,2409,2411,2548,2195,2398,2444,1767,0.00739202,-0.00491164,0.999961,0.0319689,0.999478,0.00467295,-0.999462,0.0319331,0.00754518,
3407623,2777,2401,2410,2549,2194,2395,2443,1767,0.00741021,-0.00504936,0.99996,0.0319079,0.999479,0.00481048,-0.999463,0.031871,0.00756747,
3407783,2779,2395,2403,2547,2190,2393,2443,1768,0.00736959,-0.00520395,0.999959,0.0317882,0.999482,0.0049672,-0.999467,0.0317503,0.0075312,
3407968,2775,2397,2406,2547,2189,2392,2443,1768,0.00724947,-0.00542389,0.999959,0.0316155,0.999487,0.00519213,-0.999474,0.0315766,0.00741723,
3408102,2775,2401,2407,2544,2189,2396,2444,1768,0.00714523,-0.00562812,0.999959,0.0315286,0.999488,0.00540019,-0.999477,0.0314887,0.00731902,
3408262,2778,2408,2399,2544,2191,2397,2444,1767,0.0070378,-0.00592367,0.999958,0.0314896,0.999488,0.00569926,-0.999479,0.0314481,0.00722073,
3408423,2777,2404,2398,2546,2190,2397,2443,1768,0.00694133,-0.00618875,0.999957,0.0314645,0.999487,0.00596743,-0.999481,0.0314217,0.00713249,
3408583,2782,2413,2406,2548,2189,2397,2444,1767,0.00681682,-0.00639148,0.999956,0.0314524,0.999486,0.00617406,-0.999482,0.0314089,0.00701434,
3408769,2781,2406,2398,2548,2191,2396,2443,1768,0.00669086,-0.00658661,0.999956,0.0314193,0.999486,0.00637328,-0.999484,0.0313752,0.00689436,
3408903,2784,2402,2399,2550,2194,2396,2443,1767,0.00666083,-0.00669272,0.999955,0.0313691,0.999487,0.00648063,-0.999486,0.0313245,0.00686736,
3409063,2776,2415,2409,2549,2194,2396,2444,1767,0.00666712,-0.00679875,0.999955,0.0312993,0.999488,0.00658689,-0.999488,0.031254,0.00687651,
3409222,2773,2411,2404,2549,2194,2396,2443,1767,0.0066735,-0.00691998,0.999954,0.0312287,0.99949,0.00670835,-0.99949,0.0311825,0.0068862,
3409382,2777,2405,2400,2552,2194,2395,2443,1768,0.00668189,-0.0069927,0.999953,0.0311463,0.999492,0.00678135,-0.999493,0.0310995,0.00689629,
3409568,2766,2408,2409,2550,2193,2393,2443,1768,0.00668321,-0.00705569,0.999953,0.0310032,0.999496,0.00684525,-0.999497,0.030956,0.00689859,
3409702,2778,2403,2407,2551,2196,2393,2444,1767,0.00671175,-0.00710949,0.999952,0.0308671,0.9995,0.00689909,-0.999501,0.0308194,0.00692784,
3409863,2779,2407,2403,2549,2198,2394,2443,1767,0.00681471,-0.00718367,0.999951,0.0306989,0.999504,0.00697125,-0.999505,0.0306499,0.00703186,
3410023,2778,2401,2406,2548,2197,2392,2444,1767,0.00693381,-0.0073023,0.999949,0.0305088,0.999509,0.00708753,-0.99951,0.0304581,0.0071532,
3410183,2784,2403,2414,2548,2197,2391,2443,1768,0.00704595,-0.00743428,0.999948,0.0302753,0.999516,0.00721774,-0.999517,0.0302229,0.00726761,
3410369,2775,2397,2406,2549,2195,2389,2443,1767,0.00715156,-0.00756794,0.999946,0.029961,0.999524,0.00735047,-0.999525,0.0299068,0.0073749,
3410502,2781,2400,2407,2552,2194,2388,2443,1767,0.00719736,-0.00761089,0.999945,0.0297118,0.999531,0.00739388,-0.999533,0.029657,0.00742012,
3410662,2771,2405,2411,2555,2195,2389,2443,1767,0.00725172,-0.00756676,0.999945,0.0294201,0.99954,0.00735034,-0.999541,0.0293652,0.007471,
3410822,2777,2398,2403,2559,2197,2392,2443,1768,0.00733816,-0.00741173,0.999946,0.0291874,0.999548,0.00719459,-0.999547,0.029133,0.00755118,
3410982,2774,2400,2407,2560,2193,2396,2444,1767,0.00737955,-0.00718976,0.999947,0.0290755,0.999553,0.00697235,-0.99955,0.0290226,0.00758529,
3411168,2780,2402,2405,2557,2193,2395,2444,1768,0.00735432,-0.00698099,0.999949,0.0290131,0.999556,0.00676487,-0.999552,0.0289618,0.0075536,
3411303,2776,2396,2407,2554,2192,2395,2444,1767,0.00732669,-0.00691043,0.999949,0.0289513,0.999558,0.0066956,-0.999554,0.0289008,0.00752352,
3411463,2782,2403,2405,2550,2192,2397,2444,1767,0.00727605,-0.00694289,0.999949,0.0289031,0.99956,0.00672987,-0.999556,0.0288526,0.00747352,
3411623,2783,2404,2407,2549,2194,2396,2443,1767,0.00725187,-0.00705341,0.999949,0.028856,0.99956,0.0068414,-0.999557,0.0288049,0.00745221,
3411782,2785,2409,2405,2547,2196,2396,2444,1768,0.0072865,-0.0072032,0.999948,0.0287753,0.999561,0.00699073,-0.999559,0.0287229,0.00749058,
3411968,2776,2411,2405,2546,2198,2395,2443,1768,0.00739567,-0.00742514,0.999945,0.0286412,0.999564,0.00721048,-0.999562,0.0285863,0.0076051,
3412102,2782,2411,2407,2547,2197,2394,2443,1767,0.00749002,-0.00758138,0.999943,0.0285158,0.999566,0.00736493,-0.999565,0.0284591,0.00770296,
3412262,2773,2413,2412,2551,2195,2392,2443,1767,0.00756681,-0.00768865,0.999942,0.0283383,0.99957,0.00747135,-0.99957,0.0282801,0.00778145,
3412423,2773,2408,2410,2555,2192,2388,2443,1767,0.00758629,-0.00766759,0.999942,0.0280969,0.999577,0.00745163,-0.999576,0.0280387,0.00779852,
3412583,2773,2400,2414,2557,2191,2387,2443,1768,0.00756017,-0.00755021,0.999943,0.0278036,0.999586,0.00733731,-0.999585,0.0277466,0.00776696,
3412768,2778,2403,2404,2556,2190,2386,2444,1768,0.00750257,-0.00739647,0.999945,0.0274394,0.999598,0.00718803,-0.999595,0.0273839,0.00770251,
3412903,2779,2398,2410,2557,2193,2387,2443,1767,0.00748429,-0.00728164,0.999945,0.0271673,0.999606,0.00707583,-0.999603,0.0271129,0.00767916,
3413062,2776,2393,2406,2556,2193,2389,2443,1767,0.00749778,-0.00714585,0.999946,0.0268812,0.999615,0.00694192,-0.999611,0.0268277,0.00768698,
3413222,2782,2395,2402,2555,2194,2390,2444,1768,0.00751871,-0.00704373,0.999947,0.0266326,0.999622,0.00684119,-0.999617,0.0265798,0.00770346,
3413383,2782,2394,2400,2553,2194,2392,2443,1767,0.00754729,-0.00699178,0.999947,0.0264208,0.999628,0.00679013,-0.999622,0.0263682,0.00772921,
3413569,2779,2398,2403,2549,2197,2395,2443,1768,0.0076168,-0.0070457,0.999946,0.0262426,0.999632,0.00684359,-0.999627,0.0261891,0.0077989,
3413703,2781,2397,2407,2548,2199,2398,2443,1768,0.00771473,-0.0071518,0.999945,0.0261697,0.999633,0.00694767,-0.999628,0.0261146,0.00789906,
3413863,2775,2397,2408,2548,2199,2398,2443,1768,0.007853,-0.00729548,0.999943,0.0261196,0.999634,0.0070881,-0.999628,0.0260624,0.00804067,
3414023,2782,2401,2412,2551,2199,2397,2444,1768,0.00799323,-0.00738987,0.999941,0.0260582,0.999635,0.00717931,-0.999628,0.0259992,0.00818288,
3414182,2777,2406,2410,2551,2195,2394,2444,1767,0.00808547,-0.00743677,0.99994,0.0259553,0.999637,0.00722464,-0.99963,0.0258954,0.00827556,
3414368,2782,2401,2412,2549,2193,2393,2443,1768,0.00810623,-0.0075332,0.999939,0.0257871,0.999641,0.00732191,-0.999635,0.0257261,0.00829757,
3414502,2775,2397,2408,2549,2193,2392,2443,1767,0.00810169,-0.0076297,0.999938,0.0256443,0.999644,0.00741967,-0.999638,0.0255826,0.00829446,
3414662,2784,2397,2416,2548,2193,2391,2444,1768,0.00810107,-0.00775807,0.999937,0.025442,0.999648,0.0075497,-0.999643,0.0253793,0.0082956,
3414822,2783,2397,2407,2548,2194,2391,2443,1768,0.00811702,-0.00789942,0.999936,0.0252194,0.999652,0.00769246,-0.999649,0.0251554,0.00831342,
3414983,2784,2396,2408,2550,2195,2394,2443,1768,0.00815417,-0.0080106,0.999935,0.0250367,0.999656,0.0078042,-0.999653,0.0249714,0.00835192,
3415169,2780,2400,2407,2549,2194,2398,2444,1768,0.00817797,-0.0081319,0.999933,0.0249512,0.999657,0.00792559,-0.999655,0.0248847,0.00837807,
3415303,2778,2403,2403,2550,2192,2402,2444,1767,0.00814407,-0.00823265,0.999933,0.0250012,0.999655,0.00802674,-0.999654,0.0249342,0.00834709,
3415463,2781,2397,2402,2550,2193,2404,2443,1767,0.00807535,-0.00834697,0.999933,0.0251575,0.99965,0.00814145,-0.999651,0.0250901,0.00828251,
3415622,2777,2407,2402,2552,2193,2404,2443,1767,0.00801615,-0.00843007,0.999932,0.025342,0.999645,0.00822449,-0.999647,0.0252744,0.00822694,
3415782,2779,2410,2412,2554,2194,2400,2443,1767,0.00797955,-0.00844266,0.999933,0.0254683,0.999642,0.00823696,-0.999644,0.0254009,0.00819171,
3415968,2782,2409,2406,2555,2192,2395,2444,1768,0.00794467,-0.00838881,0.999933,0.0254644,0.999642,0.00818405,-0.999644,0.0253977,0.00815544,
3416102,2784,2400,2404,2552,2194,2395,2443,1768,0.00792953,-0.00837089,0.999934,0.0253955,0.999644,0.00816707,-0.999646,0.0253291,0.00813929,
3416263,2775,2403,2407,2549,2192,2395,2443,1768,0.00791208,-0.00844572,0.999933,0.0253047,0.999646,0.00824306,-0.999648,0.0252378,0.008123,
3416423,2776,2397,2411,2548,2191,2396,2443,1768,0.00785063,-0.00859005,0.999932,0.0252356,0.999646,0.00838947,-0.999651,0.0251681,0.00806463,
3416583,2777,2393,2404,2551,2192,2398,2444,1768,0.0077819,-0.00870666,0.999932,0.025215,0.999646,0.00850794,-0.999652,0.025147,0.00799869,
3416769,2776,2402,2408,2552,2192,2401,2444,1767,0.00770421,-0.0087743,0.999932,0.0252814,0.999644,0.00857698,-0.999651,0.0252136,0.00792329,
3416903,2779,2404,2409,2552,2196,2403,2443,1767,0.00768552,-0.00881023,0.999932,0.0253818,0.999641,0.00861258,-0.999648,0.0253139,0.00790638,
3417062,2780,2404,2411,2550,2196,2403,2443,1767,0.00771493,-0.00888111,0.999931,0.0255139,0.999637,0.00868165,-0.999645,0.0254451,0.00793872,
3417222,2782,2406,2407,2549,2195,2404,2443,1767,0.00772844,-0.00900329,0.99993,0.0256618,0.999632,0.00880227,-0.999641,0.0255919,0.00795664,
3417382,2776,2402,2410,2550,2195,2401,2444,1768,0.00773254,-0.00912426,0.999928,0.0257829,0.999628,0.00892213,-0.999638,0.025712,0.00796491,
3417568,2785,2402,2406,2551,2195,2398,2444,1768,0.0077534,-0.00921803,0.999927,0.0258203,0.999626,0.00901504,-0.999637,0.0257485,0.00798851,
3417703,2775,2403,2405,2552,2196,2396,2443,1767,0.00779015,-0.00925193,0.999927,0.0257823,0.999627,0.00904829,-0.999637,0.0257099,0.00802577,
3417863,2783,2404,2411,2551,2197,2396,2444,1767,0.00786659,-0.00928615,0.999926,0.0256992,0.999628,0.00908121,-0.999639,0.0256259,0.00810232,
3418022,2781,2396,2408,2550,2197,2395,2443,1767,0.00795916,-0.00934892,0.999925,0.0255952,0.999631,0.00914244,-0.999641,0.0255205,0.0081955,
3418182,2785,2400,2408,2550,2195,2397,2443,1767,0.00802189,-0.00943259,0.999923,0.025512,0.999632,0.00922518,-0.999642,0.025436,0.00825958,
3418369,2784,2396,2412,2553,2194,2398,2443,1768,0.0080371,-0.00948486,0.999923,0.0254857,0.999632,0.00927725,-0.999643,0.0254092,0.00827587,
3418502,2785,2401,2409,2555,2193,2401,2444,1768,0.00801615,-0.00946297,0.999923,0.0255295,0.999631,0.00925554,-0.999642,0.0254533,0.00825478,
3418663,2776,2396,2415,2553,2195,2402,2443,1767,0.0079955,-0.00944053,0.999923,0.02564,0.999629,0.00923272,-0.999639,0.0255643,0.00823458,
3418823,2779,2399,2410,2550,2195,2403,2444,1768,0.00799906,-0.00949768,0.999923,0.0257664,0.999625,0.00928872,-0.999636,0.0256901,0.00824078,
3418983,2781,2405,2413,2547,2194,2403,2444,1768,0.00798688,-0.00965357,0.999922,0.0259038,0.99962,0.00944375,-0.999633,0.0258264,0.00823391,
3419168,2778,2400,2410,2547,2195,2405,2443,1768,0.00796773,-0.00989242,0.999919,0.0260934,0.999613,0.00968146,-0.999628,0.0260142,0.00822277,
3419302,2775,2392,2410,2551,2191,2404,2444,1767,0.00791603,-0.0100171,0.999918,0.0262572,0.999607,0.00980608,-0.999624,0.0261774,0.00817594,
3419462,2778,2403,2413,2554,2190,2402,2443,1768,0.00779004,-0.0100578,0.999919,0.0264348,0.999602,0.0098487,-0.99962,0.0263559,0.00805281,
3419623,2782,2408,2407,2554,2189,2400,2443,1768,0.00764403,-0.0100482,0.99992,0.0265635,0.999599,0.0098419,-0.999618,0.0264861,0.00790787,
3419783,2774,2394,2407,2552,2190,2399,2443,1767,0.00750626,-0.0100663,0.999921,0.026643,0.999596,0.00986307,-0.999617,0.0265669,0.00777143,
3419969,2780,2395,2407,2549,2193,2398,2443,1768,0.00741787,-0.0101697,0.999921,0.0266751,0.999594,0.00996845,-0.999617,0.0265991,0.00768614,
3420103,2783,2408,2403,2548,2195,2399,2444,1768,0.00741363,-0.010291,0.99992,0.0266783,0.999593,0.0100898,-0.999617,0.0266014,0.00768516,
3420263,2779,2395,2409,2547,2196,2402,2443,1768,0.00744164,-0.0104686,0.999918,0.0267294,0.99959,0.0102662,-0.999615,0.0266508,0.00771841,
3420422,2784,2395,2413,2545,2197,2402,2443,1767,0.00749078,-0.0106937,0.999915,0.0268144,0.999585,0.0104893,-0.999612,0.0267336,0.00777442,
3420582,2784,2395,2407,2542,2197,2403,2443,1767,0.00755255,-0.0109999,0.999911,0.0269049,0.99958,0.0107931,-0.999609,0.026821,0.00784533,
3420768,2779,2392,2405,2540,2196,2403,2443,1768,0.00760587,-0.0114521,0.999905,0.0270245,0.999572,0.0112427,-0.999606,0.0269364,0.00791209,
3420902,2780,2400,2414,2541,2197,2404,2443,1768,0.00764235,-0.0117924,0.999901,0.0271223,0.999565,0.0115811,-0.999603,0.0270311,0.00795886,
3421062,2773,2401,2415,2541,2196,2406,2443,1768,0.00767855,-0.0121869,0.999896,0.0272861,0.999556,0.0119732,-0.999598,0.0271913,0.00800768,
3421223,2781,2399,2407,2542,2193,2406,2444,1767,0.00765318,-0.012577,0.999892,0.0274978,0.999545,0.0123622,-0.999593,0.0274002,0.00799554,
3421383,2786,2402,2408,2544,2191,2404,2443,1767,0.00756178,-0.0129218,0.999888,0.0276999,0.999536,0.0127078,-0.999588,0.0276007,0.0079162,
3421569,2781,2401,2402,2547,2189,2403,2443,1767,0.00739753,-0.0132324,0.999885,0.0279063,0.999526,0.0130211,-0.999583,0.0278068,0.00776329,
3421702,2776,2408,2403,2550,2189,2402,2443,1768,0.00725998,-0.0133751,0.999884,0.0280412,0.99952,0.0131666,-0.99958,0.0279424,0.00763155,
3421862,2783,2401,2400,2552,2191,2401,2443,1768,0.0071269,-0.013461,0.999884,0.0281723,0.999515,0.0132552,-0.999578,0.0280745,0.00750267,
3422022,2786,2403,2405,2551,2193,2401,2443,1768,0.00705254,-0.0135233,0.999884,0.0282748,0.999511,0.0133188,-0.999575,0.0281776,0.00743147,
3422183,2780,2406,2405,2547,2194,2402,2443,1767,0.00701851,-0.0136629,0.999882,0.0283757,0.999507,0.0134586,-0.999573,0.0282779,0.00740274,
3422368,2779,2407,2403,2547,2196,2402,2443,1768,0.00702612,-0.0138934,0.999879,0.0284905,0.9995,0.0136879,-0.999569,0.0283908,0.00741844,
3422503,2791,2400,2409,2550,2194,2405,2443,1767,0.0070252,-0.0140246,0.999877,0.0286161,0.999495,0.0138182,-0.999566,0.0285155,0.00742299,
3422663,2774,2403,2412,2551,2195,2404,2443,1768,0.00700462,-0.0141207,0.999876,0.0288045,0.999488,0.0139134,-0.999561,0.0287035,0.00740777,
3422822,2783,2409,2400,2555,2196,2406,2443,1767,0.00700916,-0.0141351,0.999876,0.0290061,0.999482,0.0139262,-0.999555,0.0289049,0.00741554,
3422982,2776,2405,2411,2554,2196,2407,2443,1767,0.00702018,-0.0141043,0.999876,0.0292551,0.999475,0.0138933,-0.999547,0.0291539,0.00742912,
3423169,2778,2403,2410,2552,2196,2403,2443,1768,0.00704202,-0.0141194,0.999876,0.029488,0.999468,0.013906,-0.99954,0.0293864,0.00745463,
3423302,2779,2404,2405,2552,2194,2399,2443,1768,0.00705043,-0.0141501,0.999875,0.0295562,0.999466,0.0139359,-0.999538,0.0294542,0.00746489,
3423463,2775,2409,2409,2550,2193,2395,2443,1768,0.00703781,-0.014213,0.999874,0.0295243,0.999466,0.0139993,-0.999539,0.0294221,0.00745368,
3423623,2787,2400,2409,2554,2192,2393,2444,1768,0.00701135,-0.0142383,0.999874,0.0294111,0.999469,0.0140263,-0.999543,0.0293091,0.00742639,
3423783,2783,2404,2415,2561,2193,2394,2443,1768,0.00698588,-0.0140867,0.999876,0.0292973,0.999474,0.0138764,-0.999546,0.0291967,0.00739491,
3423968,2779,2400,2410,2557,2194,2398,2443,1768,0.00697459,-0.0138604,0.99988,0.0292499,0.999479,0.0136509,-0.999548,0.0291511,0.00737637,
3424102,2776,2402,2418,2554,2196,2403,2443,1767,0.00698437,-0.0137966,0.99988,0.0293135,0.999478,0.0135863,-0.999546,0.0292151,0.00738515,
3424262,2775,2404,2413,2554,2193,2404,2444,1767,0.00696779,-0.0137782,0.999881,0.0294807,0.999473,0.0135671,-0.999541,0.0293826,0.00737031,
3424422,2781,2401,2406,2556,2188,2404,2443,1768,0.00683566,-0.0137417,0.999882,0.0296948,0.999467,0.013533,-0.999536,0.0295988,0.00724008,
3424583,2772,2415,2411,2556,2186,2398,2444,1768,0.00661767,-0.0136756,0.999885,0.0298467,0.999464,0.0134723,-0.999533,0.0297541,0.0070223,
